#Layer_Color=8388736
#
#Feature symbol names
#
$0 r3.937

#
#Feature attribute names
#

#
#Layer features
#
L -0.0006299 -0.2546063 -0.0006299 -0.2053937 0 P 0
L -0.0055512 -0.1687008 -0.0055512 -0.1312992 0 P 0
L -0.0126378 -1.2901811 -0.0126378 -1.1878189 0 P 0
L -0.0287008 -1.0555512 0.0087008 -1.0555512 0 P 0
L -0.0287008 -1.1244488 -0.0287008 -1.0555512 0 P 0
L -0.0287008 -1.1244488 0.0087008 -1.1244488 0 P 0
L -0.0559449 -1.1382126 -0.0559449 -1.0397874 0 P 0
L -0.0629921 0.3307874 -0.0629921 0.4292126 0 P 0
L -0.0629921 0.3307874 0.0629921 0.3307874 0 P 0
L -0.0629921 0.4292126 0.0629921 0.4292126 0 P 0
L -0.0629921 0.4807874 -0.0629921 0.5792126 0 P 0
L -0.0629921 0.4807874 0.0629921 0.4807874 0 P 0
L -0.0629921 0.5792126 0.0629921 0.5792126 0 P 0
L -0.0629921 0.6307874 -0.0629921 0.7292126 0 P 0
L -0.0629921 0.6307874 0.0629921 0.6307874 0 P 0
L -0.0629921 0.7292126 0.0629921 0.7292126 0 P 0
L -0.0629921 0.8407874 -0.0629921 0.9392126 0 P 0
L -0.0629921 0.8407874 0.0629921 0.8407874 0 P 0
L -0.0629921 0.9392126 0.0629921 0.9392126 0 P 0
L -0.0629921 0.9807874 -0.0629921 1.0792126 0 P 0
L -0.0629921 0.9807874 0.0629921 0.9807874 0 P 0
L -0.0629921 1.0792126 0.0629921 1.0792126 0 P 0
L -0.0744488 -0.1312992 -0.0055512 -0.1312992 0 P 0
L -0.0744488 -0.1687008 -0.0055512 -0.1687008 0 P 0
L -0.0744488 -0.1687008 -0.0744488 -0.1312992 0 P 0
L -0.0793701 -0.2053937 -0.0006299 -0.2053937 0 P 0
L -0.0793701 -0.2546063 -0.0006299 -0.2546063 0 P 0
L -0.0793701 -0.2546063 -0.0793701 -0.2053937 0 P 0
L -0.1029921 -0.3007874 0.0229921 -0.3007874 0 P 0
L -0.1029921 -0.3992126 -0.1029921 -0.3007874 0 P 0
L -0.1029921 -0.3992126 0.0229921 -0.3992126 0 P 0
L -0.131811 1.3408661 -0.131811 1.6991339 0 P 0
L -0.1740551 -1.0397874 -0.0559449 -1.0397874 0 P 0
L -0.1740551 -1.1382126 -0.0559449 -1.1382126 0 P 0
L -0.1740551 -1.1382126 -0.1740551 -1.0397874 0 P 0
L -0.1831496 0.3431496 -0.1831496 0.7368504 0 P 0
L -0.2012992 -1.1244488 -0.2012992 -1.0555512 0 P 0
L -0.2055512 1.0512992 -0.2055512 1.0887008 0 P 0
L -0.2065354 0.8272835 -0.2065354 0.8627165 0 P 0
L -0.2065354 0.9222835 -0.2065354 0.9577165 0 P 0
L -0.2065354 0.9822835 -0.2065354 1.0177165 0 P 0
L -0.2173622 -1.1878189 -0.0126378 -1.1878189 0 P 0
L -0.2173622 -1.2901811 -0.0126378 -1.2901811 0 P 0
L -0.2173622 -1.2901811 -0.2173622 -1.1878189 0 P 0
L -0.2387008 -1.0555512 -0.2012992 -1.0555512 0 P 0
L -0.2387008 -1.1244488 -0.2012992 -1.1244488 0 P 0
L -0.2387008 -1.1244488 -0.2387008 -1.0555512 0 P 0
L -0.2665748 -1.3462441 0.0365748 -1.3462441 0 P 0
L -0.2665748 -1.7517559 -0.2665748 -1.3462441 0 P 0
L -0.2665748 -1.7517559 0.0365748 -1.7517559 0 P 0
L -0.2734646 0.8272835 -0.2065354 0.8272835 0 P 0
L -0.2734646 0.8272835 -0.2734646 0.8627165 0 P 0
L -0.2734646 0.8627165 -0.2065354 0.8627165 0 P 0
L -0.2734646 0.9222835 -0.2065354 0.9222835 0 P 0
L -0.2734646 0.9222835 -0.2734646 0.9577165 0 P 0
L -0.2734646 0.9577165 -0.2065354 0.9577165 0 P 0
L -0.2734646 0.9822835 -0.2065354 0.9822835 0 P 0
L -0.2734646 0.9822835 -0.2734646 1.0177165 0 P 0
L -0.2734646 1.0177165 -0.2065354 1.0177165 0 P 0
L -0.2744488 1.0512992 -0.2055512 1.0512992 0 P 0
L -0.2744488 1.0512992 -0.2744488 1.0887008 0 P 0
L -0.2744488 1.0887008 -0.2055512 1.0887008 0 P 0
L -0.2763888 -0.8667765 -0.2763888 -0.7978789 0 P 0
L -0.3012992 -1.1244488 -0.3012992 -1.0555512 0 P 0
L -0.3022835 -1.2724646 -0.3022835 -1.2055354 0 P 0
L -0.3137904 -0.7978789 -0.2763888 -0.7978789 0 P 0
L -0.3137904 -0.8667765 -0.2763888 -0.8667765 0 P 0
L -0.3137904 -0.8667765 -0.3137904 -0.7978789 0 P 0
L -0.3377165 -1.2055354 -0.3022835 -1.2055354 0 P 0
L -0.3377165 -1.2724646 -0.3022835 -1.2724646 0 P 0
L -0.3377165 -1.2724646 -0.3377165 -1.2055354 0 P 0
L -0.3379528 0.8205905 -0.3379528 1.0174409 0 P 0
L -0.3387008 -1.0555512 -0.3012992 -1.0555512 0 P 0
L -0.3387008 -1.1244488 -0.3012992 -1.1244488 0 P 0
L -0.3387008 -1.1244488 -0.3387008 -1.0555512 0 P 0
L -0.3434252 -1.7517559 -0.3434252 -1.3462441 0 P 0
L -0.3455512 -0.3587008 -0.3455512 -0.3212992 0 P 0
L -0.3455512 -0.4187008 -0.3455512 -0.3812992 0 P 0
L -0.3555512 1.0512992 -0.3555512 1.0887008 0 P 0
L -0.3712992 -1.1244488 -0.3712992 -1.0555512 0 P 0
L -0.3838616 -2.4157841 0.383855 -2.4157841 0 P 0
L -0.3838616 -2.5142093 -0.3838616 -2.4157841 0 P 0
L -0.3838616 -2.5142093 0.383855 -2.5142093 0 P 0
L -0.3926378 -1.2901811 -0.3926378 -1.1878189 0 P 0
L -0.4087008 -1.0555512 -0.3712992 -1.0555512 0 P 0
L -0.4087008 -1.1244488 -0.3712992 -1.1244488 0 P 0
L -0.4087008 -1.1244488 -0.4087008 -1.0555512 0 P 0
L -0.4144488 -0.3212992 -0.3455512 -0.3212992 0 P 0
L -0.4144488 -0.3587008 -0.3455512 -0.3587008 0 P 0
L -0.4144488 -0.3587008 -0.4144488 -0.3212992 0 P 0
L -0.4144488 -0.3812992 -0.3455512 -0.3812992 0 P 0
L -0.4144488 -0.4187008 -0.3455512 -0.4187008 0 P 0
L -0.4144488 -0.4187008 -0.4144488 -0.3812992 0 P 0
L -0.4244488 1.0512992 -0.3555512 1.0512992 0 P 0
L -0.4244488 1.0512992 -0.4244488 1.0887008 0 P 0
L -0.4244488 1.0887008 -0.3555512 1.0887008 0 P 0
L -0.4359449 -1.1382126 -0.4359449 -1.0397874 0 P 0
L -0.4862992 -0.6344488 -0.4862992 -0.5655512 0 P 0
L -0.4955512 1.0512992 -0.4955512 1.0887008 0 P 0
L -0.5237008 -0.5655512 -0.4862992 -0.5655512 0 P 0
L -0.5237008 -0.6344488 -0.4862992 -0.6344488 0 P 0
L -0.5237008 -0.6344488 -0.5237008 -0.5655512 0 P 0
L -0.5540551 -1.0397874 -0.4359449 -1.0397874 0 P 0
L -0.5540551 -1.1382126 -0.4359449 -1.1382126 0 P 0
L -0.5540551 -1.1382126 -0.5540551 -1.0397874 0 P 0
L -0.5555512 0.1412992 -0.5555512 0.1787008 0 P 0
L -0.5644488 1.0512992 -0.4955512 1.0512992 0 P 0
L -0.5644488 1.0512992 -0.5644488 1.0887008 0 P 0
L -0.5644488 1.0887008 -0.4955512 1.0887008 0 P 0
L -0.5768504 0.3431496 -0.1831496 0.3431496 0 P 0
L -0.5768504 0.3431496 -0.5768504 0.7368504 0 P 0
L -0.5768504 0.7368504 -0.1831496 0.7368504 0 P 0
L -0.5812992 -1.1244488 -0.5812992 -1.0555512 0 P 0
L -0.5820472 0.8205905 -0.3379528 0.8205905 0 P 0
L -0.5820472 0.8205905 -0.5820472 1.0174409 0 P 0
L -0.5820472 1.0174409 -0.3379528 1.0174409 0 P 0
L -0.5973622 -1.1878189 -0.3926378 -1.1878189 0 P 0
L -0.5973622 -1.2901811 -0.3926378 -1.2901811 0 P 0
L -0.5973622 -1.2901811 -0.5973622 -1.1878189 0 P 0
L -0.608189 1.3408661 -0.131811 1.3408661 0 P 0
L -0.608189 1.3408661 -0.608189 1.6991339 0 P 0
L -0.608189 1.6991339 -0.131811 1.6991339 0 P 0
L -0.6187008 -1.0555512 -0.5812992 -1.0555512 0 P 0
L -0.6187008 -1.1244488 -0.5812992 -1.1244488 0 P 0
L -0.6187008 -1.1244488 -0.6187008 -1.0555512 0 P 0
L -0.6244488 0.1412992 -0.5555512 0.1412992 0 P 0
L -0.6244488 0.1412992 -0.6244488 0.1787008 0 P 0
L -0.6244488 0.1787008 -0.5555512 0.1787008 0 P 0
L -0.6465748 -1.3462441 -0.3434252 -1.3462441 0 P 0
L -0.6465748 -1.7517559 -0.3434252 -1.7517559 0 P 0
L -0.6465748 -1.7517559 -0.6465748 -1.3462441 0 P 0
L -0.6470079 0.3307874 -0.6470079 0.4292126 0 P 0
L -0.6470079 0.4807874 -0.6470079 0.5792126 0 P 0
L -0.6470079 0.6307874 -0.6470079 0.7292126 0 P 0
L -0.6470079 0.8407874 -0.6470079 0.9392126 0 P 0
L -0.6470079 0.9807874 -0.6470079 1.0792126 0 P 0
L -0.6812992 -1.1244488 -0.6812992 -1.0555512 0 P 0
L -0.6822835 -1.2724646 -0.6822835 -1.2055354 0 P 0
L -0.7177165 -1.2055354 -0.6822835 -1.2055354 0 P 0
L -0.7177165 -1.2724646 -0.6822835 -1.2724646 0 P 0
L -0.7177165 -1.2724646 -0.7177165 -1.2055354 0 P 0
L -0.7187008 -1.0555512 -0.6812992 -1.0555512 0 P 0
L -0.7187008 -1.1244488 -0.6812992 -1.1244488 0 P 0
L -0.7187008 -1.1244488 -0.7187008 -1.0555512 0 P 0
L -0.7234252 -1.7517559 -0.7234252 -1.3462441 0 P 0
L -0.7307874 -0.1890551 -0.7307874 -0.0709449 0 P 0
L -0.7307874 -0.6690551 -0.7307874 -0.5509449 0 P 0
L -0.7312992 -0.0144488 -0.7312992 0.0544488 0 P 0
L -0.7312992 -0.3144488 -0.7312992 -0.2455512 0 P 0
L -0.7312992 -0.4944488 -0.7312992 -0.4255512 0 P 0
L -0.7312992 -0.7944488 -0.7312992 -0.7255512 0 P 0
L -0.7458662 1.1443858 -0.7458662 1.242811 0 P 0
L -0.7505905 1.4079528 -0.7505905 1.6520472 0 P 0
L -0.7512992 -1.1244488 -0.7512992 -1.0555512 0 P 0
L -0.7687008 -0.0144488 -0.7312992 -0.0144488 0 P 0
L -0.7687008 -0.0144488 -0.7687008 0.0544488 0 P 0
L -0.7687008 -0.2455512 -0.7312992 -0.2455512 0 P 0
L -0.7687008 -0.3144488 -0.7312992 -0.3144488 0 P 0
L -0.7687008 -0.3144488 -0.7687008 -0.2455512 0 P 0
L -0.7687008 -0.4255512 -0.7312992 -0.4255512 0 P 0
L -0.7687008 -0.4944488 -0.7312992 -0.4944488 0 P 0
L -0.7687008 -0.4944488 -0.7687008 -0.4255512 0 P 0
L -0.7687008 -0.7255512 -0.7312992 -0.7255512 0 P 0
L -0.7687008 -0.7944488 -0.7312992 -0.7944488 0 P 0
L -0.7687008 -0.7944488 -0.7687008 -0.7255512 0 P 0
L -0.7687008 0.0544488 -0.7312992 0.0544488 0 P 0
L -0.7726378 -1.2901811 -0.7726378 -1.1878189 0 P 0
L -0.7729921 0.3307874 -0.6470079 0.3307874 0 P 0
L -0.7729921 0.3307874 -0.7729921 0.4292126 0 P 0
L -0.7729921 0.4292126 -0.6470079 0.4292126 0 P 0
L -0.7729921 0.4807874 -0.6470079 0.4807874 0 P 0
L -0.7729921 0.4807874 -0.7729921 0.5792126 0 P 0
L -0.7729921 0.5792126 -0.6470079 0.5792126 0 P 0
L -0.7729921 0.6307874 -0.6470079 0.6307874 0 P 0
L -0.7729921 0.6307874 -0.7729921 0.7292126 0 P 0
L -0.7729921 0.7292126 -0.6470079 0.7292126 0 P 0
L -0.7729921 0.8407874 -0.6470079 0.8407874 0 P 0
L -0.7729921 0.8407874 -0.7729921 0.9392126 0 P 0
L -0.7729921 0.9392126 -0.6470079 0.9392126 0 P 0
L -0.7729921 0.9807874 -0.6470079 0.9807874 0 P 0
L -0.7729921 0.9807874 -0.7729921 1.0792126 0 P 0
L -0.7729921 1.0792126 -0.6470079 1.0792126 0 P 0
L -0.7887008 -1.0555512 -0.7512992 -1.0555512 0 P 0
L -0.7887008 -1.1244488 -0.7512992 -1.1244488 0 P 0
L -0.7887008 -1.1244488 -0.7887008 -1.0555512 0 P 0
L -0.7912992 -0.3144488 -0.7912992 -0.2455512 0 P 0
L -0.7912992 -0.4944488 -0.7912992 -0.4255512 0 P 0
L -0.7922835 -0.0134646 -0.7922835 0.0534646 0 P 0
L -0.7922835 -0.7934646 -0.7922835 -0.7265354 0 P 0
L -0.8159449 -1.1382126 -0.8159449 -1.0397874 0 P 0
L -0.8277165 -0.0134646 -0.7922835 -0.0134646 0 P 0
L -0.8277165 -0.0134646 -0.8277165 0.0534646 0 P 0
L -0.8277165 -0.7265354 -0.7922835 -0.7265354 0 P 0
L -0.8277165 -0.7934646 -0.7922835 -0.7934646 0 P 0
L -0.8277165 -0.7934646 -0.8277165 -0.7265354 0 P 0
L -0.8277165 0.0534646 -0.7922835 0.0534646 0 P 0
L -0.8287008 -0.2455512 -0.7912992 -0.2455512 0 P 0
L -0.8287008 -0.3144488 -0.7912992 -0.3144488 0 P 0
L -0.8287008 -0.3144488 -0.8287008 -0.2455512 0 P 0
L -0.8287008 -0.4255512 -0.7912992 -0.4255512 0 P 0
L -0.8287008 -0.4944488 -0.7912992 -0.4944488 0 P 0
L -0.8287008 -0.4944488 -0.8287008 -0.4255512 0 P 0
L -0.8292126 -0.0709449 -0.7307874 -0.0709449 0 P 0
L -0.8292126 -0.1890551 -0.7307874 -0.1890551 0 P 0
L -0.8292126 -0.1890551 -0.8292126 -0.0709449 0 P 0
L -0.8292126 -0.5509449 -0.7307874 -0.5509449 0 P 0
L -0.8292126 -0.6690551 -0.7307874 -0.6690551 0 P 0
L -0.8292126 -0.6690551 -0.8292126 -0.5509449 0 P 0
L -0.8609449 -0.3292126 -0.8609449 -0.2307874 0 P 0
L -0.8609449 -0.5092126 -0.8609449 -0.4107874 0 P 0
L -0.8685039 -0.8829921 -0.8685039 -0.7570079 0 P 0
L -0.8685039 0.0170079 -0.8685039 0.1429921 0 P 0
L -0.8855512 -0.1887008 -0.8855512 -0.1512992 0 P 0
L -0.8855512 -0.5887008 -0.8855512 -0.5512992 0 P 0
L -0.8912992 0.4155512 -0.8912992 0.4844488 0 P 0
L -0.8922835 0.8065354 -0.8922835 0.8734646 0 P 0
L -0.8935039 0.9709055 -0.8935039 1.0968897 0 P 0
L -0.8979528 0.5525591 -0.8979528 0.7494095 0 P 0
L -0.9062992 1.2850394 -0.9062992 1.353937 0 P 0
L -0.9277165 0.8065354 -0.8922835 0.8065354 0 P 0
L -0.9277165 0.8065354 -0.9277165 0.8734646 0 P 0
L -0.9277165 0.8734646 -0.8922835 0.8734646 0 P 0
L -0.9287008 0.4155512 -0.8912992 0.4155512 0 P 0
L -0.9287008 0.4155512 -0.9287008 0.4844488 0 P 0
L -0.9287008 0.4844488 -0.8912992 0.4844488 0 P 0
L -0.9314961 -0.7570079 -0.8685039 -0.7570079 0 P 0
L -0.9314961 -0.8829921 -0.8685039 -0.8829921 0 P 0
L -0.9314961 -0.8829921 -0.9314961 -0.7570079 0 P 0
L -0.9314961 0.0170079 -0.8685039 0.0170079 0 P 0
L -0.9314961 0.0170079 -0.9314961 0.1429921 0 P 0
L -0.9314961 0.1429921 -0.8685039 0.1429921 0 P 0
L -0.9340551 -1.0397874 -0.8159449 -1.0397874 0 P 0
L -0.9340551 -1.1382126 -0.8159449 -1.1382126 0 P 0
L -0.9340551 -1.1382126 -0.9340551 -1.0397874 0 P 0
L -0.9348426 1.1443858 -0.7458662 1.1443858 0 P 0
L -0.9348426 1.1443858 -0.9348426 1.242811 0 P 0
L -0.9348426 1.242811 -0.7458662 1.242811 0 P 0
L -0.9437008 1.2850394 -0.9062992 1.2850394 0 P 0
L -0.9437008 1.2850394 -0.9437008 1.353937 0 P 0
L -0.9437008 1.353937 -0.9062992 1.353937 0 P 0
L -0.9474409 1.4079528 -0.7505905 1.4079528 0 P 0
L -0.9474409 1.4079528 -0.9474409 1.6520472 0 P 0
L -0.9474409 1.6520472 -0.7505905 1.6520472 0 P 0
L -0.9544488 -0.1512992 -0.8855512 -0.1512992 0 P 0
L -0.9544488 -0.1887008 -0.8855512 -0.1887008 0 P 0
L -0.9544488 -0.1887008 -0.9544488 -0.1512992 0 P 0
L -0.9544488 -0.5512992 -0.8855512 -0.5512992 0 P 0
L -0.9544488 -0.5887008 -0.8855512 -0.5887008 0 P 0
L -0.9544488 -0.5887008 -0.9544488 -0.5512992 0 P 0
L -0.9564961 0.9709055 -0.8935039 0.9709055 0 P 0
L -0.9564961 0.9709055 -0.9564961 1.0968897 0 P 0
L -0.9564961 1.0968897 -0.8935039 1.0968897 0 P 0
L -0.9612992 -1.1244488 -0.9612992 -1.0555512 0 P 0
L -0.9612992 0.4155512 -0.9612992 0.4844488 0 P 0
L -0.9714961 -0.0131102 -0.9714961 0.1733071 0 P 0
L -0.9714961 -0.9131102 -0.9714961 -0.7266929 0 P 0
L -0.9773622 -1.1878189 -0.7726378 -1.1878189 0 P 0
L -0.9773622 -1.2901811 -0.7726378 -1.2901811 0 P 0
L -0.9773622 -1.2901811 -0.9773622 -1.1878189 0 P 0
L -0.9790551 -0.2307874 -0.8609449 -0.2307874 0 P 0
L -0.9790551 -0.3292126 -0.8609449 -0.3292126 0 P 0
L -0.9790551 -0.3292126 -0.9790551 -0.2307874 0 P 0
L -0.9790551 -0.4107874 -0.8609449 -0.4107874 0 P 0
L -0.9790551 -0.5092126 -0.8609449 -0.5092126 0 P 0
L -0.9790551 -0.5092126 -0.9790551 -0.4107874 0 P 0
L -0.9987008 -1.0555512 -0.9612992 -1.0555512 0 P 0
L -0.9987008 -1.1244488 -0.9612992 -1.1244488 0 P 0
L -0.9987008 -1.1244488 -0.9987008 -1.0555512 0 P 0
L -0.9987008 0.4155512 -0.9612992 0.4155512 0 P 0
L -0.9987008 0.4155512 -0.9987008 0.4844488 0 P 0
L -0.9987008 0.4844488 -0.9612992 0.4844488 0 P 0
L -1.0009449 -0.3292126 -1.0009449 -0.2307874 0 P 0
L -1.0009449 -0.5092126 -1.0009449 -0.4107874 0 P 0
L -1.0202912 1.0881339 -1.0202912 1.7298661 0 P 0
L -1.0255512 -0.1887008 -1.0255512 -0.1512992 0 P 0
L -1.0255512 -0.5887008 -1.0255512 -0.5512992 0 P 0
L -1.0265748 -1.3462441 -0.7234252 -1.3462441 0 P 0
L -1.0265748 -1.7517559 -0.7234252 -1.7517559 0 P 0
L -1.0265748 -1.7517559 -1.0265748 -1.3462441 0 P 0
L -1.0407874 0.4009449 -1.0407874 0.5190551 0 P 0
L -1.0407874 0.7809449 -1.0407874 0.8990551 0 P 0
L -1.0944488 -0.1512992 -1.0255512 -0.1512992 0 P 0
L -1.0944488 -0.1887008 -1.0255512 -0.1887008 0 P 0
L -1.0944488 -0.1887008 -1.0944488 -0.1512992 0 P 0
L -1.0944488 -0.5512992 -1.0255512 -0.5512992 0 P 0
L -1.0944488 -0.5887008 -1.0255512 -0.5887008 0 P 0
L -1.0944488 -0.5887008 -1.0944488 -0.5512992 0 P 0
L -1.1085039 -0.0131102 -0.9714961 -0.0131102 0 P 0
L -1.1085039 -0.0131102 -1.1085039 0.1733071 0 P 0
L -1.1085039 -0.7266929 -0.9714961 -0.7266929 0 P 0
L -1.1085039 -0.9131102 -0.9714961 -0.9131102 0 P 0
L -1.1085039 -0.9131102 -1.1085039 -0.7266929 0 P 0
L -1.1085039 0.1733071 -0.9714961 0.1733071 0 P 0
L -1.1190551 -0.2307874 -1.0009449 -0.2307874 0 P 0
L -1.1190551 -0.3292126 -1.0009449 -0.3292126 0 P 0
L -1.1190551 -0.3292126 -1.1190551 -0.2307874 0 P 0
L -1.1190551 -0.4107874 -1.0009449 -0.4107874 0 P 0
L -1.1190551 -0.5092126 -1.0009449 -0.5092126 0 P 0
L -1.1190551 -0.5092126 -1.1190551 -0.4107874 0 P 0
L -1.1392126 0.4009449 -1.0407874 0.4009449 0 P 0
L -1.1392126 0.4009449 -1.1392126 0.5190551 0 P 0
L -1.1392126 0.5190551 -1.0407874 0.5190551 0 P 0
L -1.1392126 0.7809449 -1.0407874 0.7809449 0 P 0
L -1.1392126 0.7809449 -1.1392126 0.8990551 0 P 0
L -1.1392126 0.8990551 -1.0407874 0.8990551 0 P 0
L -1.1420472 0.5525591 -0.8979528 0.5525591 0 P 0
L -1.1420472 0.5525591 -1.1420472 0.7494095 0 P 0
L -1.1420472 0.7494095 -0.8979528 0.7494095 0 P 0
L -1.1488189 -0.0223622 -1.1488189 0.1823622 0 P 0
L -1.1488189 -0.3423622 -1.1488189 -0.1376378 0 P 0
L -1.1488189 -0.6023622 -1.1488189 -0.3976378 0 P 0
L -1.1488189 -0.9223622 -1.1488189 -0.7176378 0 P 0
L -1.1885039 0.7770079 -1.1885039 0.9029921 0 P 0
L -1.2511811 -0.0223622 -1.1488189 -0.0223622 0 P 0
L -1.2511811 -0.0223622 -1.2511811 0.1823622 0 P 0
L -1.2511811 -0.1376378 -1.1488189 -0.1376378 0 P 0
L -1.2511811 -0.3423622 -1.1488189 -0.3423622 0 P 0
L -1.2511811 -0.3423622 -1.2511811 -0.1376378 0 P 0
L -1.2511811 -0.3976378 -1.1488189 -0.3976378 0 P 0
L -1.2511811 -0.6023622 -1.1488189 -0.6023622 0 P 0
L -1.2511811 -0.6023622 -1.2511811 -0.3976378 0 P 0
L -1.2511811 -0.7176378 -1.1488189 -0.7176378 0 P 0
L -1.2511811 -0.9223622 -1.1488189 -0.9223622 0 P 0
L -1.2511811 -0.9223622 -1.2511811 -0.7176378 0 P 0
L -1.2511811 0.1823622 -1.1488189 0.1823622 0 P 0
L -1.2514961 0.7770079 -1.1885039 0.7770079 0 P 0
L -1.2514961 0.7770079 -1.2514961 0.9029921 0 P 0
L -1.2514961 0.9029921 -1.1885039 0.9029921 0 P 0
L -1.3042441 -0.0715748 -1.3042441 0.2315748 0 P 0
L -1.3042441 -0.5904725 -1.3042441 -0.1495276 0 P 0
L -1.3042441 -0.9715748 -1.3042441 -0.6684252 0 P 0
L -1.3042441 0.3084252 -1.3042441 0.6115748 0 P 0
L -1.3042441 0.6884252 -1.3042441 0.9915748 0 P 0
L -1.6817087 1.0881339 -1.0202912 1.0881339 0 P 0
L -1.6817087 1.0881339 -1.6817087 1.7298661 0 P 0
L -1.6817087 1.7298661 -1.0202912 1.7298661 0 P 0
L -1.7097559 -0.0715748 -1.3042441 -0.0715748 0 P 0
L -1.7097559 -0.0715748 -1.7097559 0.2315748 0 P 0
L -1.7097559 -0.1495276 -1.3042441 -0.1495276 0 P 0
L -1.7097559 -0.5904725 -1.3042441 -0.5904725 0 P 0
L -1.7097559 -0.5904725 -1.7097559 -0.1495276 0 P 0
L -1.7097559 -0.6684252 -1.3042441 -0.6684252 0 P 0
L -1.7097559 -0.9715748 -1.3042441 -0.9715748 0 P 0
L -1.7097559 -0.9715748 -1.7097559 -0.6684252 0 P 0
L -1.7097559 0.2315748 -1.3042441 0.2315748 0 P 0
L -1.7097559 0.3084252 -1.3042441 0.3084252 0 P 0
L -1.7097559 0.3084252 -1.7097559 0.6115748 0 P 0
L -1.7097559 0.6115748 -1.3042441 0.6115748 0 P 0
L -1.7097559 0.6884252 -1.3042441 0.6884252 0 P 0
L -1.7097559 0.6884252 -1.7097559 0.9915748 0 P 0
L -1.7097559 0.9915748 -1.3042441 0.9915748 0 P 0
L -1.8909449 1.0609449 -1.8909449 1.1790551 0 P 0
L -1.8909449 1.7409449 -1.8909449 1.8590551 0 P 0
L -1.8912992 -1.4694488 -1.8912992 -1.4005512 0 P 0
L -1.9012992 1.6255512 -1.9012992 1.6944488 0 P 0
L -1.9287008 -1.4005512 -1.8912992 -1.4005512 0 P 0
L -1.9287008 -1.4694488 -1.8912992 -1.4694488 0 P 0
L -1.9287008 -1.4694488 -1.9287008 -1.4005512 0 P 0
L -1.9387008 1.6255512 -1.9012992 1.6255512 0 P 0
L -1.9387008 1.6255512 -1.9387008 1.6944488 0 P 0
L -1.9387008 1.6944488 -1.9012992 1.6944488 0 P 0
L -1.9609449 -1.2990551 -1.9609449 -1.1809449 0 P 0
L -1.9612992 -1.4694488 -1.9612992 -1.4005512 0 P 0
L -1.9612992 1.6255512 -1.9612992 1.6944488 0 P 0
L -1.9987008 -1.4005512 -1.9612992 -1.4005512 0 P 0
L -1.9987008 -1.4694488 -1.9612992 -1.4694488 0 P 0
L -1.9987008 -1.4694488 -1.9987008 -1.4005512 0 P 0
L -1.9987008 1.6255512 -1.9612992 1.6255512 0 P 0
L -1.9987008 1.6255512 -1.9987008 1.6944488 0 P 0
L -1.9987008 1.6944488 -1.9612992 1.6944488 0 P 0
L -2.0090551 1.0609449 -1.8909449 1.0609449 0 P 0
L -2.0090551 1.0609449 -2.0090551 1.1790551 0 P 0
L -2.0090551 1.1790551 -1.8909449 1.1790551 0 P 0
L -2.0090551 1.7409449 -1.8909449 1.7409449 0 P 0
L -2.0090551 1.7409449 -2.0090551 1.8590551 0 P 0
L -2.0090551 1.8590551 -1.8909449 1.8590551 0 P 0
L -2.0312992 -1.4694488 -2.0312992 -1.4005512 0 P 0
L -2.0687008 -1.4005512 -2.0312992 -1.4005512 0 P 0
L -2.0687008 -1.4694488 -2.0312992 -1.4694488 0 P 0
L -2.0687008 -1.4694488 -2.0687008 -1.4005512 0 P 0
L -2.0790551 -1.1809449 -1.9609449 -1.1809449 0 P 0
L -2.0790551 -1.2990551 -1.9609449 -1.2990551 0 P 0
L -2.0790551 -1.2990551 -2.0790551 -1.1809449 0 P 0
L -2.0917323 0.95 -2.0917323 1.45 0 P 0
L -2.1000001 1.55 -2.1000001 2.05 0 P 0
L -2.1012992 -1.4694488 -2.1012992 -1.4005512 0 P 0
L -2.1387008 -1.4005512 -2.1012992 -1.4005512 0 P 0
L -2.1387008 -1.4694488 -2.1012992 -1.4694488 0 P 0
L -2.1387008 -1.4694488 -2.1387008 -1.4005512 0 P 0
L -2.1429134 0.5333071 -2.1429134 0.8466929 0 P 0
L -2.1622835 -1.2734646 -2.1622835 -1.2065354 0 P 0
L -2.1977165 -1.2065354 -2.1622835 -1.2065354 0 P 0
L -2.1977165 -1.2734646 -2.1622835 -1.2734646 0 P 0
L -2.1977165 -1.2734646 -2.1977165 -1.2065354 0 P 0
L -2.2570866 0.5333071 -2.1429134 0.5333071 0 P 0
L -2.2570866 0.5333071 -2.2570866 0.8466929 0 P 0
L -2.2570866 0.8466929 -2.1429134 0.8466929 0 P 0
L -2.2812992 -1.4694488 -2.2812992 -1.4005512 0 P 0
L -2.3000001 1.55 -2.1000001 1.55 0 P 0
L -2.3000001 1.55 -2.3000001 2.05 0 P 0
L -2.3000001 2.05 -2.1000001 2.05 0 P 0
L -2.3082677 0.95 -2.0917323 0.95 0 P 0
L -2.3082677 0.95 -2.3082677 1.45 0 P 0
L -2.3082677 1.45 -2.0917323 1.45 0 P 0
L -2.3187008 -1.4005512 -2.2812992 -1.4005512 0 P 0
L -2.3187008 -1.4694488 -2.2812992 -1.4694488 0 P 0
L -2.3187008 -1.4694488 -2.3187008 -1.4005512 0 P 0
L -2.3209449 -1.2990551 -2.3209449 -1.1809449 0 P 0
L -2.3512992 -1.4694488 -2.3512992 -1.4005512 0 P 0
L -2.3887008 -1.4005512 -2.3512992 -1.4005512 0 P 0
L -2.3887008 -1.4694488 -2.3512992 -1.4694488 0 P 0
L -2.3887008 -1.4694488 -2.3887008 -1.4005512 0 P 0
L -2.4212992 -1.4694488 -2.4212992 -1.4005512 0 P 0
L -2.4390551 -1.1809449 -2.3209449 -1.1809449 0 P 0
L -2.4390551 -1.2990551 -2.3209449 -1.2990551 0 P 0
L -2.4390551 -1.2990551 -2.4390551 -1.1809449 0 P 0
L -2.4587008 -1.4005512 -2.4212992 -1.4005512 0 P 0
L -2.4587008 -1.4694488 -2.4212992 -1.4694488 0 P 0
L -2.4587008 -1.4694488 -2.4587008 -1.4005512 0 P 0
L 0.0087008 -1.1244488 0.0087008 -1.0555512 0 P 0
L 0.0196063 1.3192126 0.0196063 1.7207874 0 P 0
L 0.0196063 1.3192126 0.2203937 1.3192126 0 P 0
L 0.0196063 1.7207874 0.2203937 1.7207874 0 P 0
L 0.0229921 -0.3992126 0.0229921 -0.3007874 0 P 0
L 0.0365748 -1.7517559 0.0365748 -1.3462441 0 P 0
L 0.0412992 -1.0555512 0.0787008 -1.0555512 0 P 0
L 0.0412992 -1.1244488 0.0412992 -1.0555512 0 P 0
L 0.0412992 -1.1244488 0.0787008 -1.1244488 0 P 0
L 0.0422835 -1.2055354 0.0777165 -1.2055354 0 P 0
L 0.0422835 -1.2724646 0.0422835 -1.2055354 0 P 0
L 0.0422835 -1.2724646 0.0777165 -1.2724646 0 P 0
L 0.0629921 0.3307874 0.0629921 0.4292126 0 P 0
L 0.0629921 0.4807874 0.0629921 0.5792126 0 P 0
L 0.0629921 0.6307874 0.0629921 0.7292126 0 P 0
L 0.0629921 0.8407874 0.0629921 0.9392126 0 P 0
L 0.0629921 0.9807874 0.0629921 1.0792126 0 P 0
L 0.0777165 -1.2724646 0.0777165 -1.2055354 0 P 0
L 0.0787008 -1.1244488 0.0787008 -1.0555512 0 P 0
L 0.1029921 1.1546887 0.1029921 1.265315 0 P 0
L 0.1029921 1.1546887 0.477008 1.1546887 0 P 0
L 0.1029921 1.265315 0.477008 1.265315 0 P 0
L 0.1134252 -1.3462441 0.4165748 -1.3462441 0 P 0
L 0.1134252 -1.7517559 0.1134252 -1.3462441 0 P 0
L 0.1134252 -1.7517559 0.4165748 -1.7517559 0 P 0
L 0.1162992 -0.7005512 0.1537008 -0.7005512 0 P 0
L 0.1162992 -0.7694488 0.1162992 -0.7005512 0 P 0
L 0.1162992 -0.7694488 0.1537008 -0.7694488 0 P 0
L 0.1279528 0.8205905 0.1279528 1.0174409 0 P 0
L 0.1279528 0.8205905 0.3720472 0.8205905 0 P 0
L 0.1279528 1.0174409 0.3720472 1.0174409 0 P 0
L 0.1331496 0.3431496 0.1331496 0.7368504 0 P 0
L 0.1331496 0.3431496 0.5268504 0.3431496 0 P 0
L 0.1331496 0.7368504 0.5268504 0.7368504 0 P 0
L 0.1412992 -1.0555512 0.1787008 -1.0555512 0 P 0
L 0.1412992 -1.1244488 0.1412992 -1.0555512 0 P 0
L 0.1412992 -1.1244488 0.1787008 -1.1244488 0 P 0
L 0.1455512 1.0512992 0.1455512 1.0887008 0 P 0
L 0.1455512 1.0512992 0.2144488 1.0512992 0 P 0
L 0.1455512 1.0887008 0.2144488 1.0887008 0 P 0
L 0.1537008 -0.7694488 0.1537008 -0.7005512 0 P 0
L 0.1626378 -1.1878189 0.3673622 -1.1878189 0 P 0
L 0.1626378 -1.2901811 0.1626378 -1.1878189 0 P 0
L 0.1626378 -1.2901811 0.3673622 -1.2901811 0 P 0
L 0.1787008 -1.1244488 0.1787008 -1.0555512 0 P 0
L 0.2059449 -1.0397874 0.3240551 -1.0397874 0 P 0
L 0.2059449 -1.1382126 0.2059449 -1.0397874 0 P 0
L 0.2059449 -1.1382126 0.3240551 -1.1382126 0 P 0
L 0.2144488 1.0512992 0.2144488 1.0887008 0 P 0
L 0.2203937 1.3192126 0.2203937 1.7207874 0 P 0
L 0.2405512 -0.9412992 0.3094488 -0.9412992 0 P 0
L 0.2405512 -0.9787008 0.2405512 -0.9412992 0 P 0
L 0.2405512 -0.9787008 0.3094488 -0.9787008 0 P 0
L 0.2855512 1.0512992 0.2855512 1.0887008 0 P 0
L 0.2855512 1.0512992 0.3544488 1.0512992 0 P 0
L 0.2855512 1.0887008 0.3544488 1.0887008 0 P 0
L 0.3094488 -0.9787008 0.3094488 -0.9412992 0 P 0
L 0.3240551 -1.1382126 0.3240551 -1.0397874 0 P 0
L 0.3412992 -2.2155512 0.3787008 -2.2155512 0 P 0
L 0.3412992 -2.2844488 0.3412992 -2.2155512 0 P 0
L 0.3412992 -2.2844488 0.3787008 -2.2844488 0 P 0
L 0.3512992 -1.0555512 0.3887008 -1.0555512 0 P 0
L 0.3512992 -1.1244488 0.3512992 -1.0555512 0 P 0
L 0.3512992 -1.1244488 0.3887008 -1.1244488 0 P 0
L 0.3534252 1.3462441 0.3534252 1.7517559 0 P 0
L 0.3534252 1.3462441 0.6565748 1.3462441 0 P 0
L 0.3534252 1.7517559 0.6565748 1.7517559 0 P 0
L 0.3544488 1.0512992 0.3544488 1.0887008 0 P 0
L 0.3673622 -1.2901811 0.3673622 -1.1878189 0 P 0
L 0.3720472 0.8205905 0.3720472 1.0174409 0 P 0
L 0.3787008 -2.2844488 0.3787008 -2.2155512 0 P 0
L 0.383855 -2.5142093 0.383855 -2.4157841 0 P 0
L 0.3887008 -1.1244488 0.3887008 -1.0555512 0 P 0
L 0.4165748 -1.7517559 0.4165748 -1.3462441 0 P 0
L 0.4212992 -1.0555512 0.4587008 -1.0555512 0 P 0
L 0.4212992 -1.1244488 0.4212992 -1.0555512 0 P 0
L 0.4212992 -1.1244488 0.4587008 -1.1244488 0 P 0
L 0.4222835 -1.2055354 0.4577165 -1.2055354 0 P 0
L 0.4222835 -1.2724646 0.4222835 -1.2055354 0 P 0
L 0.4222835 -1.2724646 0.4577165 -1.2724646 0 P 0
L 0.4305512 -0.2962992 0.4994488 -0.2962992 0 P 0
L 0.4305512 -0.3337008 0.4305512 -0.2962992 0 P 0
L 0.4305512 -0.3337008 0.4994488 -0.3337008 0 P 0
L 0.4312992 -2.3955512 0.4687008 -2.3955512 0 P 0
L 0.4312992 -2.4644488 0.4312992 -2.3955512 0 P 0
L 0.4312992 -2.4644488 0.4687008 -2.4644488 0 P 0
L 0.4315354 -0.1722835 0.4984646 -0.1722835 0 P 0
L 0.4315354 -0.2077165 0.4315354 -0.1722835 0 P 0
L 0.4315354 -0.2077165 0.4984646 -0.2077165 0 P 0
L 0.4322835 -2.2165354 0.4677165 -2.2165354 0 P 0
L 0.4322835 -2.2834646 0.4322835 -2.2165354 0 P 0
L 0.4322835 -2.2834646 0.4677165 -2.2834646 0 P 0
L 0.4355512 1.0512992 0.4355512 1.0887008 0 P 0
L 0.4355512 1.0512992 0.5044488 1.0512992 0 P 0
L 0.4355512 1.0887008 0.5044488 1.0887008 0 P 0
L 0.4365354 0.8272835 0.4365354 0.8627165 0 P 0
L 0.4365354 0.8272835 0.5034646 0.8272835 0 P 0
L 0.4365354 0.8627165 0.5034646 0.8627165 0 P 0
L 0.4365354 0.9222835 0.4365354 0.9577165 0 P 0
L 0.4365354 0.9222835 0.5034646 0.9222835 0 P 0
L 0.4365354 0.9577165 0.5034646 0.9577165 0 P 0
L 0.4365354 0.9822835 0.4365354 1.0177165 0 P 0
L 0.4365354 0.9822835 0.5034646 0.9822835 0 P 0
L 0.4365354 1.0177165 0.5034646 1.0177165 0 P 0
L 0.4577165 -1.2724646 0.4577165 -1.2055354 0 P 0
L 0.4587008 -1.1244488 0.4587008 -1.0555512 0 P 0
L 0.4677165 -2.2834646 0.4677165 -2.2165354 0 P 0
L 0.4687008 -2.4644488 0.4687008 -2.3955512 0 P 0
L 0.477008 1.1546887 0.477008 1.265315 0 P 0
L 0.4934252 -1.3462441 0.7965748 -1.3462441 0 P 0
L 0.4934252 -1.7517559 0.4934252 -1.3462441 0 P 0
L 0.4934252 -1.7517559 0.7965748 -1.7517559 0 P 0
L 0.4984646 -0.2077165 0.4984646 -0.1722835 0 P 0
L 0.4994488 -0.3337008 0.4994488 -0.2962992 0 P 0
L 0.5034646 0.8272835 0.5034646 0.8627165 0 P 0
L 0.5034646 0.9222835 0.5034646 0.9577165 0 P 0
L 0.5034646 0.9822835 0.5034646 1.0177165 0 P 0
L 0.5044488 1.0512992 0.5044488 1.0887008 0 P 0
L 0.5212992 -1.0555512 0.5587008 -1.0555512 0 P 0
L 0.5212992 -1.1244488 0.5212992 -1.0555512 0 P 0
L 0.5212992 -1.1244488 0.5587008 -1.1244488 0 P 0
L 0.5268504 0.3431496 0.5268504 0.7368504 0 P 0
L 0.5426378 -1.1878189 0.7473622 -1.1878189 0 P 0
L 0.5426378 -1.2901811 0.5426378 -1.1878189 0 P 0
L 0.5426378 -1.2901811 0.7473622 -1.2901811 0 P 0
L 0.5587008 -1.1244488 0.5587008 -1.0555512 0 P 0
L 0.5859449 -1.0397874 0.7040551 -1.0397874 0 P 0
L 0.5859449 -1.1382126 0.5859449 -1.0397874 0 P 0
L 0.5859449 -1.1382126 0.7040551 -1.1382126 0 P 0
L 0.62 -0.15 0.92 -0.15 0 P 0
L 0.62 -0.35 0.62 -0.15 0 P 0
L 0.62 -0.35 0.92 -0.35 0 P 0
L 0.62 -0.67 0.92 -0.67 0 P 0
L 0.62 -0.87 0.62 -0.67 0 P 0
L 0.62 -0.87 0.92 -0.87 0 P 0
L 0.62 0.17 0.62 0.37 0 P 0
L 0.62 0.17 0.92 0.17 0 P 0
L 0.62 0.37 0.92 0.37 0 P 0
L 0.62 0.69 0.62 0.89 0 P 0
L 0.62 0.69 0.92 0.69 0 P 0
L 0.62 0.89 0.92 0.89 0 P 0
L 0.6209449 -0.0892126 0.6209449 0.0092126 0 P 0
L 0.6209449 -0.0892126 0.7390551 -0.0892126 0 P 0
L 0.6209449 -0.5107874 0.7390551 -0.5107874 0 P 0
L 0.6209449 -0.6092126 0.6209449 -0.5107874 0 P 0
L 0.6209449 -0.6092126 0.7390551 -0.6092126 0 P 0
L 0.6209449 0.0092126 0.7390551 0.0092126 0 P 0
L 0.6209449 0.4307874 0.6209449 0.5292126 0 P 0
L 0.6209449 0.4307874 0.7390551 0.4307874 0 P 0
L 0.6209449 0.5292126 0.7390551 0.5292126 0 P 0
L 0.6209449 0.9507874 0.6209449 1.0492126 0 P 0
L 0.6209449 0.9507874 0.7390551 0.9507874 0 P 0
L 0.6209449 1.0492126 0.7390551 1.0492126 0 P 0
L 0.6455512 -0.4312992 0.7144488 -0.4312992 0 P 0
L 0.6455512 -0.4687008 0.6455512 -0.4312992 0 P 0
L 0.6455512 -0.4687008 0.7144488 -0.4687008 0 P 0
L 0.6455512 0.0512992 0.6455512 0.0887008 0 P 0
L 0.6455512 0.0512992 0.7144488 0.0512992 0 P 0
L 0.6455512 0.0887008 0.7144488 0.0887008 0 P 0
L 0.6455512 0.5712992 0.6455512 0.6087008 0 P 0
L 0.6455512 0.5712992 0.7144488 0.5712992 0 P 0
L 0.6455512 0.6087008 0.7144488 0.6087008 0 P 0
L 0.6455512 1.0912992 0.6455512 1.1287008 0 P 0
L 0.6455512 1.0912992 0.7144488 1.0912992 0 P 0
L 0.6455512 1.1287008 0.7144488 1.1287008 0 P 0
L 0.6565748 1.3462441 0.6565748 1.7517559 0 P 0
L 0.7040551 -1.1382126 0.7040551 -1.0397874 0 P 0
L 0.7144488 -0.4687008 0.7144488 -0.4312992 0 P 0
L 0.7144488 0.0512992 0.7144488 0.0887008 0 P 0
L 0.7144488 0.5712992 0.7144488 0.6087008 0 P 0
L 0.7144488 1.0912992 0.7144488 1.1287008 0 P 0
L 0.7312992 -1.0555512 0.7687008 -1.0555512 0 P 0
L 0.7312992 -1.1244488 0.7312992 -1.0555512 0 P 0
L 0.7312992 -1.1244488 0.7687008 -1.1244488 0 P 0
L 0.7345275 1.3462441 0.7345275 1.7517559 0 P 0
L 0.7345275 1.3462441 1.1754724 1.3462441 0 P 0
L 0.7345275 1.7517559 1.1754724 1.7517559 0 P 0
L 0.7390551 -0.0892126 0.7390551 0.0092126 0 P 0
L 0.7390551 -0.6092126 0.7390551 -0.5107874 0 P 0
L 0.7390551 0.4307874 0.7390551 0.5292126 0 P 0
L 0.7390551 0.9507874 0.7390551 1.0492126 0 P 0
L 0.7473622 -1.2901811 0.7473622 -1.1878189 0 P 0
L 0.7687008 -1.1244488 0.7687008 -1.0555512 0 P 0
L 0.7965748 -1.7517559 0.7965748 -1.3462441 0 P 0
L 0.8009449 -0.0892126 0.8009449 0.0092126 0 P 0
L 0.8009449 -0.0892126 0.9190551 -0.0892126 0 P 0
L 0.8009449 -0.5107874 0.9190551 -0.5107874 0 P 0
L 0.8009449 -0.6092126 0.8009449 -0.5107874 0 P 0
L 0.8009449 -0.6092126 0.9190551 -0.6092126 0 P 0
L 0.8009449 0.0092126 0.9190551 0.0092126 0 P 0
L 0.8009449 0.4307874 0.8009449 0.5292126 0 P 0
L 0.8009449 0.4307874 0.9190551 0.4307874 0 P 0
L 0.8009449 0.5292126 0.9190551 0.5292126 0 P 0
L 0.8009449 0.9507874 0.8009449 1.0492126 0 P 0
L 0.8009449 0.9507874 0.9190551 0.9507874 0 P 0
L 0.8009449 1.0492126 0.9190551 1.0492126 0 P 0
L 0.8012992 -1.0555512 0.8387008 -1.0555512 0 P 0
L 0.8012992 -1.1244488 0.8012992 -1.0555512 0 P 0
L 0.8012992 -1.1244488 0.8387008 -1.1244488 0 P 0
L 0.8022835 -1.2055354 0.8377165 -1.2055354 0 P 0
L 0.8022835 -1.2724646 0.8022835 -1.2055354 0 P 0
L 0.8022835 -1.2724646 0.8377165 -1.2724646 0 P 0
L 0.8255512 -0.4312992 0.8944488 -0.4312992 0 P 0
L 0.8255512 -0.4687008 0.8255512 -0.4312992 0 P 0
L 0.8255512 -0.4687008 0.8944488 -0.4687008 0 P 0
L 0.8255512 0.0512992 0.8255512 0.0887008 0 P 0
L 0.8255512 0.0512992 0.8944488 0.0512992 0 P 0
L 0.8255512 0.0887008 0.8944488 0.0887008 0 P 0
L 0.8255512 0.5712992 0.8255512 0.6087008 0 P 0
L 0.8255512 0.5712992 0.8944488 0.5712992 0 P 0
L 0.8255512 0.6087008 0.8944488 0.6087008 0 P 0
L 0.8255512 1.0912992 0.8255512 1.1287008 0 P 0
L 0.8255512 1.0912992 0.8944488 1.0912992 0 P 0
L 0.8255512 1.1287008 0.8944488 1.1287008 0 P 0
L 0.8377165 -1.2724646 0.8377165 -1.2055354 0 P 0
L 0.8387008 -1.1244488 0.8387008 -1.0555512 0 P 0
L 0.8734252 -1.3462441 1.1765748 -1.3462441 0 P 0
L 0.8734252 -1.7517559 0.8734252 -1.3462441 0 P 0
L 0.8734252 -1.7517559 1.1765748 -1.7517559 0 P 0
L 0.8944488 -0.4687008 0.8944488 -0.4312992 0 P 0
L 0.8944488 0.0512992 0.8944488 0.0887008 0 P 0
L 0.8944488 0.5712992 0.8944488 0.6087008 0 P 0
L 0.8944488 1.0912992 0.8944488 1.1287008 0 P 0
L 0.9012992 -1.0555512 0.9387008 -1.0555512 0 P 0
L 0.9012992 -1.1244488 0.9012992 -1.0555512 0 P 0
L 0.9012992 -1.1244488 0.9387008 -1.1244488 0 P 0
L 0.9176378 1.1588189 0.9176378 1.2611811 0 P 0
L 0.9176378 1.1588189 1.1223622 1.1588189 0 P 0
L 0.9176378 1.2611811 1.1223622 1.2611811 0 P 0
L 0.9190551 -0.0892126 0.9190551 0.0092126 0 P 0
L 0.9190551 -0.6092126 0.9190551 -0.5107874 0 P 0
L 0.9190551 0.4307874 0.9190551 0.5292126 0 P 0
L 0.9190551 0.9507874 0.9190551 1.0492126 0 P 0
L 0.92 -0.35 0.92 -0.15 0 P 0
L 0.92 -0.87 0.92 -0.67 0 P 0
L 0.92 0.17 0.92 0.37 0 P 0
L 0.92 0.69 0.92 0.89 0 P 0
L 0.9226378 -1.1878189 1.1273622 -1.1878189 0 P 0
L 0.9226378 -1.2901811 0.9226378 -1.1878189 0 P 0
L 0.9226378 -1.2901811 1.1273622 -1.2901811 0 P 0
L 0.9387008 -1.1244488 0.9387008 -1.0555512 0 P 0
L 0.9659449 -1.0397874 1.0840551 -1.0397874 0 P 0
L 0.9659449 -1.1382126 0.9659449 -1.0397874 0 P 0
L 0.9659449 -1.1382126 1.0840551 -1.1382126 0 P 0
L 0.9818898 -0.3638504 0.9818898 0.0298504 0 P 0
L 0.9818898 -0.3638504 1.2181102 -0.3638504 0 P 0
L 0.9818898 -0.4901496 1.2181102 -0.4901496 0 P 0
L 0.9818898 -0.8838504 0.9818898 -0.4901496 0 P 0
L 0.9818898 -0.8838504 1.2181102 -0.8838504 0 P 0
L 0.9818898 0.0298504 1.2181102 0.0298504 0 P 0
L 0.9818898 0.1561496 0.9818898 0.5498504 0 P 0
L 0.9818898 0.1561496 1.2181102 0.1561496 0 P 0
L 0.9818898 0.5498504 1.2181102 0.5498504 0 P 0
L 0.9818898 0.6761496 0.9818898 1.0698504 0 P 0
L 0.9818898 0.6761496 1.2181102 0.6761496 0 P 0
L 0.9818898 1.0698504 1.2181102 1.0698504 0 P 0
L 1.0840551 -1.1382126 1.0840551 -1.0397874 0 P 0
L 1.1112992 -1.0555512 1.1487008 -1.0555512 0 P 0
L 1.1112992 -1.1244488 1.1112992 -1.0555512 0 P 0
L 1.1112992 -1.1244488 1.1487008 -1.1244488 0 P 0
L 1.1223622 1.1588189 1.1223622 1.2611811 0 P 0
L 1.1273622 -1.2901811 1.1273622 -1.1878189 0 P 0
L 1.1487008 -1.1244488 1.1487008 -1.0555512 0 P 0
L 1.1754724 1.3462441 1.1754724 1.7517559 0 P 0
L 1.1765748 -1.7517559 1.1765748 -1.3462441 0 P 0
L 1.1812992 -1.0555512 1.2187008 -1.0555512 0 P 0
L 1.1812992 -1.1244488 1.1812992 -1.0555512 0 P 0
L 1.1812992 -1.1244488 1.2187008 -1.1244488 0 P 0
L 1.1822835 -1.2055354 1.2177165 -1.2055354 0 P 0
L 1.1822835 -1.2724646 1.1822835 -1.2055354 0 P 0
L 1.1822835 -1.2724646 1.2177165 -1.2724646 0 P 0
L 1.2177165 -1.2724646 1.2177165 -1.2055354 0 P 0
L 1.2181102 -0.3638504 1.2181102 0.0298504 0 P 0
L 1.2181102 -0.8838504 1.2181102 -0.4901496 0 P 0
L 1.2181102 0.1561496 1.2181102 0.5498504 0 P 0
L 1.2181102 0.6761496 1.2181102 1.0698504 0 P 0
L 1.2187008 -1.1244488 1.2187008 -1.0555512 0 P 0
L 1.3042441 -0.0095275 1.7097559 -0.0095275 0 P 0
L 1.3042441 -0.4504724 1.3042441 -0.0095275 0 P 0
L 1.3042441 -0.4504724 1.7097559 -0.4504724 0 P 0
L 1.3042441 -0.5295275 1.7097559 -0.5295275 0 P 0
L 1.3042441 -0.9704724 1.3042441 -0.5295275 0 P 0
L 1.3042441 -0.9704724 1.7097559 -0.9704724 0 P 0
L 1.3042441 0.0695276 1.3042441 0.5104725 0 P 0
L 1.3042441 0.0695276 1.7097559 0.0695276 0 P 0
L 1.3042441 0.5104725 1.7097559 0.5104725 0 P 0
L 1.3042441 0.5895276 1.3042441 1.0304725 0 P 0
L 1.3042441 0.5895276 1.7097559 0.5895276 0 P 0
L 1.3042441 1.0304725 1.7097559 1.0304725 0 P 0
L 1.7097559 -0.4504724 1.7097559 -0.0095275 0 P 0
L 1.7097559 -0.9704724 1.7097559 -0.5295275 0 P 0
L 1.7097559 0.0695276 1.7097559 0.5104725 0 P 0
L 1.7097559 0.5895276 1.7097559 1.0304725 0 P 0
