#Layer_Color=16711935
#
#Feature symbol names
#
$0 r3.937

#
#Feature attribute names
#

#
#Layer features
#
L -0.0112992 1.9255512 -0.0112992 1.9944488 0 P 0
L -0.0355512 -1.6487008 -0.0355512 -1.6112992 0 P 0
L -0.0487008 1.9255512 -0.0112992 1.9255512 0 P 0
L -0.0487008 1.9255512 -0.0487008 1.9944488 0 P 0
L -0.0487008 1.9944488 -0.0112992 1.9944488 0 P 0
L -0.0609449 -2.1992126 -0.0609449 -2.1007874 0 P 0
L -0.0712992 1.9255512 -0.0712992 1.9944488 0 P 0
L -0.0855512 -2.0587008 -0.0855512 -2.0212992 0 P 0
L -0.0855512 -2.2787008 -0.0855512 -2.2412992 0 P 0
L -0.1044488 -1.6112992 -0.0355512 -1.6112992 0 P 0
L -0.1044488 -1.6487008 -0.0355512 -1.6487008 0 P 0
L -0.1044488 -1.6487008 -0.1044488 -1.6112992 0 P 0
L -0.1084252 -1.7240157 0.0884252 -1.7240157 0 P 0
L -0.1084252 -1.9759843 -0.1084252 -1.7240157 0 P 0
L -0.1084252 -1.9759843 0.0884252 -1.9759843 0 P 0
L -0.1087008 1.9255512 -0.0712992 1.9255512 0 P 0
L -0.1087008 1.9255512 -0.1087008 1.9944488 0 P 0
L -0.1087008 1.9944488 -0.0712992 1.9944488 0 P 0
L -0.1305512 -1.0144685 -0.1305512 -0.9475393 0 P 0
L -0.1305512 0.2475393 -0.1305512 0.3144685 0 P 0
L -0.1312992 1.9255512 -0.1312992 1.9944488 0 P 0
L -0.1312992 2.3055512 -0.1312992 2.3744488 0 P 0
L -0.1322835 2.1165354 -0.1322835 2.1834646 0 P 0
L -0.1412992 -1.8044488 -0.1412992 -1.7355512 0 P 0
L -0.1544488 -2.0212992 -0.0855512 -2.0212992 0 P 0
L -0.1544488 -2.0587008 -0.0855512 -2.0587008 0 P 0
L -0.1544488 -2.0587008 -0.1544488 -2.0212992 0 P 0
L -0.1544488 -2.2412992 -0.0855512 -2.2412992 0 P 0
L -0.1544488 -2.2787008 -0.0855512 -2.2787008 0 P 0
L -0.1544488 -2.2787008 -0.1544488 -2.2412992 0 P 0
L -0.1565354 -1.9077165 -0.1565354 -1.8722835 0 P 0
L -0.1659842 -0.9475393 -0.1305512 -0.9475393 0 P 0
L -0.1659842 -1.0144685 -0.1305512 -1.0144685 0 P 0
L -0.1659842 -1.0144685 -0.1659842 -0.9475393 0 P 0
L -0.1659842 0.2475393 -0.1305512 0.2475393 0 P 0
L -0.1659842 0.2475393 -0.1659842 0.3144685 0 P 0
L -0.1659842 0.3144685 -0.1305512 0.3144685 0 P 0
L -0.1677165 2.1165354 -0.1322835 2.1165354 0 P 0
L -0.1677165 2.1165354 -0.1677165 2.1834646 0 P 0
L -0.1677165 2.1834646 -0.1322835 2.1834646 0 P 0
L -0.1687008 1.9255512 -0.1312992 1.9255512 0 P 0
L -0.1687008 1.9255512 -0.1687008 1.9944488 0 P 0
L -0.1687008 1.9944488 -0.1312992 1.9944488 0 P 0
L -0.1687008 2.3055512 -0.1312992 2.3055512 0 P 0
L -0.1687008 2.3055512 -0.1687008 2.3744488 0 P 0
L -0.1687008 2.3744488 -0.1312992 2.3744488 0 P 0
L -0.1787008 -1.7355512 -0.1412992 -1.7355512 0 P 0
L -0.1787008 -1.8044488 -0.1412992 -1.8044488 0 P 0
L -0.1787008 -1.8044488 -0.1787008 -1.7355512 0 P 0
L -0.1790551 -2.1007874 -0.0609449 -2.1007874 0 P 0
L -0.1790551 -2.1992126 -0.0609449 -2.1992126 0 P 0
L -0.1790551 -2.1992126 -0.1790551 -2.1007874 0 P 0
L -0.1912992 1.9255512 -0.1912992 1.9944488 0 P 0
L -0.1912992 2.3055512 -0.1912992 2.3744488 0 P 0
L -0.1922835 2.1165354 -0.1922835 2.1834646 0 P 0
L -0.2009449 -1.8292126 -0.2009449 -1.7307874 0 P 0
L -0.2009449 -2.1992126 -0.2009449 -2.1007874 0 P 0
L -0.2009449 -2.4192126 -0.2009449 -2.3207874 0 P 0
L -0.2234646 -1.8722835 -0.1565354 -1.8722835 0 P 0
L -0.2234646 -1.9077165 -0.1565354 -1.9077165 0 P 0
L -0.2234646 -1.9077165 -0.2234646 -1.8722835 0 P 0
L -0.2255512 -2.2787008 -0.2255512 -2.2412992 0 P 0
L -0.2277165 2.1165354 -0.1922835 2.1165354 0 P 0
L -0.2277165 2.1165354 -0.2277165 2.1834646 0 P 0
L -0.2277165 2.1834646 -0.1922835 2.1834646 0 P 0
L -0.2287008 1.9255512 -0.1912992 1.9255512 0 P 0
L -0.2287008 1.9255512 -0.2287008 1.9944488 0 P 0
L -0.2287008 1.9944488 -0.1912992 1.9944488 0 P 0
L -0.2287008 2.3055512 -0.1912992 2.3055512 0 P 0
L -0.2287008 2.3055512 -0.2287008 2.3744488 0 P 0
L -0.2287008 2.3744488 -0.1912992 2.3744488 0 P 0
L -0.2512992 2.3055512 -0.2512992 2.3744488 0 P 0
L -0.2522835 1.9265354 -0.2522835 1.9934646 0 P 0
L -0.2522835 2.1165354 -0.2522835 2.1834646 0 P 0
L -0.2877165 1.9265354 -0.2522835 1.9265354 0 P 0
L -0.2877165 1.9265354 -0.2877165 1.9934646 0 P 0
L -0.2877165 1.9934646 -0.2522835 1.9934646 0 P 0
L -0.2877165 2.1165354 -0.2522835 2.1165354 0 P 0
L -0.2877165 2.1165354 -0.2877165 2.1834646 0 P 0
L -0.2877165 2.1834646 -0.2522835 2.1834646 0 P 0
L -0.2877166 0.2475393 -0.2877166 0.3144685 0 P 0
L -0.2887008 2.3055512 -0.2512992 2.3055512 0 P 0
L -0.2887008 2.3055512 -0.2887008 2.3744488 0 P 0
L -0.2887008 2.3744488 -0.2512992 2.3744488 0 P 0
L -0.2944488 -2.2412992 -0.2255512 -2.2412992 0 P 0
L -0.2944488 -2.2787008 -0.2255512 -2.2787008 0 P 0
L -0.2944488 -2.2787008 -0.2944488 -2.2412992 0 P 0
L -0.3112992 2.3055512 -0.3112992 2.3744488 0 P 0
L -0.3122835 1.9265354 -0.3122835 1.9934646 0 P 0
L -0.3190551 -1.7307874 -0.2009449 -1.7307874 0 P 0
L -0.3190551 -1.8292126 -0.2009449 -1.8292126 0 P 0
L -0.3190551 -1.8292126 -0.3190551 -1.7307874 0 P 0
L -0.3190551 -2.1007874 -0.2009449 -2.1007874 0 P 0
L -0.3190551 -2.1992126 -0.2009449 -2.1992126 0 P 0
L -0.3190551 -2.1992126 -0.3190551 -2.1007874 0 P 0
L -0.3190551 -2.3207874 -0.2009449 -2.3207874 0 P 0
L -0.3190551 -2.4192126 -0.2009449 -2.4192126 0 P 0
L -0.3190551 -2.4192126 -0.3190551 -2.3207874 0 P 0
L -0.3231496 0.2475393 -0.2877166 0.2475393 0 P 0
L -0.3231496 0.2475393 -0.3231496 0.3144685 0 P 0
L -0.3231496 0.3144685 -0.2877166 0.3144685 0 P 0
L -0.3470866 0.2475393 -0.3470866 0.3144685 0 P 0
L -0.3477165 1.9265354 -0.3122835 1.9265354 0 P 0
L -0.3477165 1.9265354 -0.3477165 1.9934646 0 P 0
L -0.3477165 1.9934646 -0.3122835 1.9934646 0 P 0
L -0.3487008 2.3055512 -0.3112992 2.3055512 0 P 0
L -0.3487008 2.3055512 -0.3487008 2.3744488 0 P 0
L -0.3487008 2.3744488 -0.3112992 2.3744488 0 P 0
L -0.3712992 2.3055512 -0.3712992 2.3744488 0 P 0
L -0.3804724 2.0404724 -0.3804724 2.1995275 0 P 0
L -0.3825196 0.2475393 -0.3470866 0.2475393 0 P 0
L -0.3825196 0.2475393 -0.3825196 0.3144685 0 P 0
L -0.3825196 0.3144685 -0.3470866 0.3144685 0 P 0
L -0.3864567 -1.0144685 -0.3864567 -0.9475393 0 P 0
L -0.3922835 1.7365354 -0.3922835 1.8034646 0 P 0
L -0.4006299 1.8685039 -0.4006299 1.9314961 0 P 0
L -0.4087008 2.3055512 -0.3712992 2.3055512 0 P 0
L -0.4087008 2.3055512 -0.4087008 2.3744488 0 P 0
L -0.4087008 2.3744488 -0.3712992 2.3744488 0 P 0
L -0.4218897 -0.9475393 -0.3864567 -0.9475393 0 P 0
L -0.4218897 -1.0144685 -0.3864567 -1.0144685 0 P 0
L -0.4218897 -1.0144685 -0.4218897 -0.9475393 0 P 0
L -0.4277165 1.7365354 -0.3922835 1.7365354 0 P 0
L -0.4277165 1.7365354 -0.4277165 1.8034646 0 P 0
L -0.4277165 1.8034646 -0.3922835 1.8034646 0 P 0
L -0.4312992 2.3055512 -0.4312992 2.3744488 0 P 0
L -0.4430315 -1.9508425 -0.4430315 -1.7287953 0 P 0
L -0.4522835 1.7365354 -0.4522835 1.8034646 0 P 0
L -0.4687008 2.3055512 -0.4312992 2.3055512 0 P 0
L -0.4687008 2.3055512 -0.4687008 2.3744488 0 P 0
L -0.4687008 2.3744488 -0.4312992 2.3744488 0 P 0
L -0.4793701 1.8685039 -0.4006299 1.8685039 0 P 0
L -0.4793701 1.8685039 -0.4793701 1.9314961 0 P 0
L -0.4793701 1.9314961 -0.4006299 1.9314961 0 P 0
L -0.4877165 1.7365354 -0.4522835 1.7365354 0 P 0
L -0.4877165 1.7365354 -0.4877165 1.8034646 0 P 0
L -0.4877165 1.8034646 -0.4522835 1.8034646 0 P 0
L -0.5395276 2.0404724 -0.3804724 2.0404724 0 P 0
L -0.5395276 2.0404724 -0.5395276 2.1995275 0 P 0
L -0.5395276 2.1995275 -0.3804724 2.1995275 0 P 0
L -0.5473277 -0.8573277 -0.5473277 0.1573277 0 P 0
L -0.5473277 -0.8573277 0.4673277 -0.8573277 0 P 0
L -0.5473277 0.1573277 0.4673277 0.1573277 0 P 0
L -0.5955512 2.0312992 -0.5955512 2.0687008 0 P 0
L -0.5965354 1.8522835 -0.5965354 1.8877165 0 P 0
L -0.5965354 1.9117717 -0.5965354 1.9472047 0 P 0
L -0.5965354 1.9717717 -0.5965354 2.0072047 0 P 0
L -0.5965354 2.2322835 -0.5965354 2.2677165 0 P 0
L -0.5965354 2.2922835 -0.5965354 2.3277165 0 P 0
L -0.5965354 2.3522835 -0.5965354 2.3877165 0 P 0
L -0.6365354 -0.6477165 -0.6365354 -0.6122835 0 P 0
L -0.6365354 -0.7077165 -0.6365354 -0.6722835 0 P 0
L -0.6375393 -0.2200787 -0.6375393 -0.1846457 0 P 0
L -0.6375393 -0.3756693 -0.6375393 -0.3402363 0 P 0
L -0.6375393 -0.4366141 -0.6375393 -0.4011811 0 P 0
L -0.6375393 0.0261418 -0.6375393 0.0615748 0 P 0
L -0.6634646 1.8522835 -0.5965354 1.8522835 0 P 0
L -0.6634646 1.8522835 -0.6634646 1.8877165 0 P 0
L -0.6634646 1.8877165 -0.5965354 1.8877165 0 P 0
L -0.6634646 1.9117717 -0.5965354 1.9117717 0 P 0
L -0.6634646 1.9117717 -0.6634646 1.9472047 0 P 0
L -0.6634646 1.9472047 -0.5965354 1.9472047 0 P 0
L -0.6634646 1.9717717 -0.5965354 1.9717717 0 P 0
L -0.6634646 1.9717717 -0.6634646 2.0072047 0 P 0
L -0.6634646 2.0072047 -0.5965354 2.0072047 0 P 0
L -0.6634646 2.2322835 -0.5965354 2.2322835 0 P 0
L -0.6634646 2.2322835 -0.6634646 2.2677165 0 P 0
L -0.6634646 2.2677165 -0.5965354 2.2677165 0 P 0
L -0.6634646 2.2922835 -0.5965354 2.2922835 0 P 0
L -0.6634646 2.2922835 -0.6634646 2.3277165 0 P 0
L -0.6634646 2.3277165 -0.5965354 2.3277165 0 P 0
L -0.6634646 2.3522835 -0.5965354 2.3522835 0 P 0
L -0.6634646 2.3522835 -0.6634646 2.3877165 0 P 0
L -0.6634646 2.3877165 -0.5965354 2.3877165 0 P 0
L -0.6644488 2.0312992 -0.5955512 2.0312992 0 P 0
L -0.6644488 2.0312992 -0.6644488 2.0687008 0 P 0
L -0.6644488 2.0687008 -0.5955512 2.0687008 0 P 0
L -0.7034646 -0.6122835 -0.6365354 -0.6122835 0 P 0
L -0.7034646 -0.6477165 -0.6365354 -0.6477165 0 P 0
L -0.7034646 -0.6477165 -0.7034646 -0.6122835 0 P 0
L -0.7034646 -0.6722835 -0.6365354 -0.6722835 0 P 0
L -0.7034646 -0.7077165 -0.6365354 -0.7077165 0 P 0
L -0.7034646 -0.7077165 -0.7034646 -0.6722835 0 P 0
L -0.7044685 -0.1846457 -0.6375393 -0.1846457 0 P 0
L -0.7044685 -0.2200787 -0.6375393 -0.2200787 0 P 0
L -0.7044685 -0.2200787 -0.7044685 -0.1846457 0 P 0
L -0.7044685 -0.3402363 -0.6375393 -0.3402363 0 P 0
L -0.7044685 -0.3756693 -0.6375393 -0.3756693 0 P 0
L -0.7044685 -0.3756693 -0.7044685 -0.3402363 0 P 0
L -0.7044685 -0.4011811 -0.6375393 -0.4011811 0 P 0
L -0.7044685 -0.4366141 -0.6375393 -0.4366141 0 P 0
L -0.7044685 -0.4366141 -0.7044685 -0.4011811 0 P 0
L -0.7044685 0.0261418 -0.6375393 0.0261418 0 P 0
L -0.7044685 0.0261418 -0.7044685 0.0615748 0 P 0
L -0.7044685 0.0615748 -0.6375393 0.0615748 0 P 0
L -0.9850394 1.1412992 -0.9850394 1.1787008 0 P 0
L -0.9850394 1.2412992 -0.9850394 1.2787008 0 P 0
L -0.9850394 1.5392992 -0.9850394 1.5767008 0 P 0
L -0.9850394 1.6392992 -0.9850394 1.6767008 0 P 0
L -0.9970079 1.7807874 -0.9970079 1.8792126 0 P 0
L -1.053937 1.1412992 -0.9850394 1.1412992 0 P 0
L -1.053937 1.1412992 -1.053937 1.1787008 0 P 0
L -1.053937 1.1787008 -0.9850394 1.1787008 0 P 0
L -1.053937 1.2412992 -0.9850394 1.2412992 0 P 0
L -1.053937 1.2412992 -1.053937 1.2787008 0 P 0
L -1.053937 1.2787008 -0.9850394 1.2787008 0 P 0
L -1.053937 1.5392992 -0.9850394 1.5392992 0 P 0
L -1.053937 1.5392992 -1.053937 1.5767008 0 P 0
L -1.053937 1.5767008 -0.9850394 1.5767008 0 P 0
L -1.053937 1.6392992 -0.9850394 1.6392992 0 P 0
L -1.053937 1.6392992 -1.053937 1.6767008 0 P 0
L -1.053937 1.6767008 -0.9850394 1.6767008 0 P 0
L -1.1229921 1.7807874 -0.9970079 1.7807874 0 P 0
L -1.1229921 1.7807874 -1.1229921 1.8792126 0 P 0
L -1.1229921 1.8792126 -0.9970079 1.8792126 0 P 0
L -1.2035039 1.8270079 -1.2035039 1.9529921 0 P 0
L -1.2465354 -2.0677165 -1.2465354 -2.0322835 0 P 0
L -1.2664961 1.8270079 -1.2035039 1.8270079 0 P 0
L -1.2664961 1.8270079 -1.2664961 1.9529921 0 P 0
L -1.2664961 1.9529921 -1.2035039 1.9529921 0 P 0
L -1.3134646 -2.0322835 -1.2465354 -2.0322835 0 P 0
L -1.3134646 -2.0677165 -1.2465354 -2.0677165 0 P 0
L -1.3134646 -2.0677165 -1.3134646 -2.0322835 0 P 0
L -1.3855315 1.3662835 -1.3855315 1.4017165 0 P 0
L -1.4085039 1.8270079 -1.4085039 1.9529921 0 P 0
L -1.4469685 -1.7287953 -0.4430315 -1.7287953 0 P 0
L -1.4469685 -1.9508425 -0.4430315 -1.9508425 0 P 0
L -1.4469685 -1.9508425 -1.4469685 -1.7287953 0 P 0
L -1.4470079 -1.5392126 -1.4470079 -1.4407874 0 P 0
L -1.4524607 1.3662835 -1.3855315 1.3662835 0 P 0
L -1.4524607 1.3662835 -1.4524607 1.4017165 0 P 0
L -1.4524607 1.4017165 -1.3855315 1.4017165 0 P 0
L -1.4714961 1.8270079 -1.4085039 1.8270079 0 P 0
L -1.4714961 1.8270079 -1.4714961 1.9529921 0 P 0
L -1.4714961 1.9529921 -1.4085039 1.9529921 0 P 0
L -1.5729921 -1.4407874 -1.4470079 -1.4407874 0 P 0
L -1.5729921 -1.5392126 -1.4470079 -1.5392126 0 P 0
L -1.5729921 -1.5392126 -1.5729921 -1.4407874 0 P 0
L -1.6614567 -1.8333071 -1.6614567 -1.7466929 0 P 0
L -1.6809449 -2.0190551 -1.6809449 -1.9009449 0 P 0
L -1.7055512 -2.1087008 -1.7055512 -2.0712992 0 P 0
L -1.706063 1.3152992 -1.706063 1.3527008 0 P 0
L -1.706063 1.4052992 -1.706063 1.4427008 0 P 0
L -1.706063 1.4752992 -1.706063 1.5127008 0 P 0
L -1.706063 1.5652992 -1.706063 1.6027008 0 P 0
L -1.7185433 -1.7466929 -1.6614567 -1.7466929 0 P 0
L -1.7185433 -1.8333071 -1.6614567 -1.8333071 0 P 0
L -1.7185433 -1.8333071 -1.7185433 -1.7466929 0 P 0
L -1.7614567 -1.8333071 -1.7614567 -1.7466929 0 P 0
L -1.7744488 -2.0712992 -1.7055512 -2.0712992 0 P 0
L -1.7744488 -2.1087008 -1.7055512 -2.1087008 0 P 0
L -1.7744488 -2.1087008 -1.7744488 -2.0712992 0 P 0
L -1.7749606 1.3152992 -1.706063 1.3152992 0 P 0
L -1.7749606 1.3152992 -1.7749606 1.3527008 0 P 0
L -1.7749606 1.3527008 -1.706063 1.3527008 0 P 0
L -1.7749606 1.4052992 -1.706063 1.4052992 0 P 0
L -1.7749606 1.4052992 -1.7749606 1.4427008 0 P 0
L -1.7749606 1.4427008 -1.706063 1.4427008 0 P 0
L -1.7749606 1.4752992 -1.706063 1.4752992 0 P 0
L -1.7749606 1.4752992 -1.7749606 1.5127008 0 P 0
L -1.7749606 1.5127008 -1.706063 1.5127008 0 P 0
L -1.7749606 1.5652992 -1.706063 1.5652992 0 P 0
L -1.7749606 1.5652992 -1.7749606 1.6027008 0 P 0
L -1.7749606 1.6027008 -1.706063 1.6027008 0 P 0
L -1.7809449 2.0107874 -1.7809449 2.1092126 0 P 0
L -1.7812992 1.8855512 -1.7812992 1.9544488 0 P 0
L -1.7990551 -1.9009449 -1.6809449 -1.9009449 0 P 0
L -1.7990551 -2.0190551 -1.6809449 -2.0190551 0 P 0
L -1.7990551 -2.0190551 -1.7990551 -1.9009449 0 P 0
L -1.8085039 2.1770079 -1.8085039 2.3029921 0 P 0
L -1.8112992 0.5155512 -1.8112992 0.5844488 0 P 0
L -1.8185433 -1.7466929 -1.7614567 -1.7466929 0 P 0
L -1.8185433 -1.8333071 -1.7614567 -1.8333071 0 P 0
L -1.8185433 -1.8333071 -1.8185433 -1.7466929 0 P 0
L -1.8187008 1.8855512 -1.7812992 1.8855512 0 P 0
L -1.8187008 1.8855512 -1.8187008 1.9544488 0 P 0
L -1.8187008 1.9544488 -1.7812992 1.9544488 0 P 0
L -1.8309449 -2.0190551 -1.8309449 -1.9009449 0 P 0
L -1.8487008 0.5155512 -1.8112992 0.5155512 0 P 0
L -1.8487008 0.5155512 -1.8487008 0.5844488 0 P 0
L -1.8487008 0.5844488 -1.8112992 0.5844488 0 P 0
L -1.8612992 1.8855512 -1.8612992 1.9544488 0 P 0
L -1.8712992 0.5155512 -1.8712992 0.5844488 0 P 0
L -1.8714961 2.1770079 -1.8085039 2.1770079 0 P 0
L -1.8714961 2.1770079 -1.8714961 2.3029921 0 P 0
L -1.8714961 2.3029921 -1.8085039 2.3029921 0 P 0
L -1.8909449 1.4009449 -1.8909449 1.5190551 0 P 0
L -1.8911024 2.3848819 -1.8911024 2.4951181 0 P 0
L -1.8987008 1.8855512 -1.8612992 1.8855512 0 P 0
L -1.8987008 1.8855512 -1.8987008 1.9544488 0 P 0
L -1.8987008 1.9544488 -1.8612992 1.9544488 0 P 0
L -1.8990551 2.0107874 -1.7809449 2.0107874 0 P 0
L -1.8990551 2.0107874 -1.8990551 2.1092126 0 P 0
L -1.8990551 2.1092126 -1.7809449 2.1092126 0 P 0
L -1.9087008 0.5155512 -1.8712992 0.5155512 0 P 0
L -1.9087008 0.5155512 -1.9087008 0.5844488 0 P 0
L -1.9087008 0.5844488 -1.8712992 0.5844488 0 P 0
L -1.9409449 2.0107874 -1.9409449 2.1092126 0 P 0
L -1.9412992 1.8855512 -1.9412992 1.9544488 0 P 0
L -1.9490551 -1.9009449 -1.8309449 -1.9009449 0 P 0
L -1.9490551 -2.0190551 -1.8309449 -2.0190551 0 P 0
L -1.9490551 -2.0190551 -1.9490551 -1.9009449 0 P 0
L -1.9685039 2.1770079 -1.9685039 2.3029921 0 P 0
L -1.9787008 1.8855512 -1.9412992 1.8855512 0 P 0
L -1.9787008 1.8855512 -1.9787008 1.9544488 0 P 0
L -1.9787008 1.9544488 -1.9412992 1.9544488 0 P 0
L -1.9809449 0.4909449 -1.9809449 0.6090551 0 P 0
L -1.9812992 0.0255512 -1.9812992 0.0944488 0 P 0
L -1.9822835 0.1665354 -1.9822835 0.2334646 0 P 0
L -2.0090551 1.4009449 -1.8909449 1.4009449 0 P 0
L -2.0090551 1.4009449 -2.0090551 1.5190551 0 P 0
L -2.0090551 1.5190551 -1.8909449 1.5190551 0 P 0
L -2.0177165 0.1665354 -1.9822835 0.1665354 0 P 0
L -2.0177165 0.1665354 -2.0177165 0.2334646 0 P 0
L -2.0177165 0.2334646 -1.9822835 0.2334646 0 P 0
L -2.0187008 0.0255512 -1.9812992 0.0255512 0 P 0
L -2.0187008 0.0255512 -2.0187008 0.0944488 0 P 0
L -2.0187008 0.0944488 -1.9812992 0.0944488 0 P 0
L -2.0212992 1.8855512 -2.0212992 1.9544488 0 P 0
L -2.0288976 2.3848819 -1.8911024 2.3848819 0 P 0
L -2.0288976 2.3848819 -2.0288976 2.4951181 0 P 0
L -2.0288976 2.4951181 -1.8911024 2.4951181 0 P 0
L -2.0314961 2.1770079 -1.9685039 2.1770079 0 P 0
L -2.0314961 2.1770079 -2.0314961 2.3029921 0 P 0
L -2.0314961 2.3029921 -1.9685039 2.3029921 0 P 0
L -2.0587008 1.8855512 -2.0212992 1.8855512 0 P 0
L -2.0587008 1.8855512 -2.0587008 1.9544488 0 P 0
L -2.0587008 1.9544488 -2.0212992 1.9544488 0 P 0
L -2.0590551 2.0107874 -1.9409449 2.0107874 0 P 0
L -2.0590551 2.0107874 -2.0590551 2.1092126 0 P 0
L -2.0590551 2.1092126 -1.9409449 2.1092126 0 P 0
L -2.0609449 0.0709449 -2.0609449 0.1890551 0 P 0
L -2.0609449 0.2209449 -2.0609449 0.3390551 0 P 0
L -2.0855512 -0.0487008 -2.0855512 -0.0112992 0 P 0
L -2.0855512 0.0112992 -2.0855512 0.0487008 0 P 0
L -2.0990551 0.4909449 -1.9809449 0.4909449 0 P 0
L -2.0990551 0.4909449 -2.0990551 0.6090551 0 P 0
L -2.0990551 0.6090551 -1.9809449 0.6090551 0 P 0
L -2.1009449 2.0107874 -2.1009449 2.1092126 0 P 0
L -2.1012992 1.8855512 -2.1012992 1.9544488 0 P 0
L -2.1285039 2.1770079 -2.1285039 2.3029921 0 P 0
L -2.1370079 -0.9792126 -2.1370079 -0.8807874 0 P 0
L -2.1387008 1.8855512 -2.1012992 1.8855512 0 P 0
L -2.1387008 1.8855512 -2.1387008 1.9544488 0 P 0
L -2.1387008 1.9544488 -2.1012992 1.9544488 0 P 0
L -2.1544488 -0.0112992 -2.0855512 -0.0112992 0 P 0
L -2.1544488 -0.0487008 -2.0855512 -0.0487008 0 P 0
L -2.1544488 -0.0487008 -2.1544488 -0.0112992 0 P 0
L -2.1544488 0.0112992 -2.0855512 0.0112992 0 P 0
L -2.1544488 0.0112992 -2.1544488 0.0487008 0 P 0
L -2.1544488 0.0487008 -2.0855512 0.0487008 0 P 0
L -2.1790551 0.0709449 -2.0609449 0.0709449 0 P 0
L -2.1790551 0.0709449 -2.1790551 0.1890551 0 P 0
L -2.1790551 0.1890551 -2.0609449 0.1890551 0 P 0
L -2.1790551 0.2209449 -2.0609449 0.2209449 0 P 0
L -2.1790551 0.2209449 -2.1790551 0.3390551 0 P 0
L -2.1790551 0.3390551 -2.0609449 0.3390551 0 P 0
L -2.1812992 1.8855512 -2.1812992 1.9544488 0 P 0
L -2.1914961 2.1770079 -2.1285039 2.1770079 0 P 0
L -2.1914961 2.1770079 -2.1914961 2.3029921 0 P 0
L -2.1914961 2.3029921 -2.1285039 2.3029921 0 P 0
L -2.2187008 1.8855512 -2.1812992 1.8855512 0 P 0
L -2.2187008 1.8855512 -2.2187008 1.9544488 0 P 0
L -2.2187008 1.9544488 -2.1812992 1.9544488 0 P 0
L -2.2190551 2.0107874 -2.1009449 2.0107874 0 P 0
L -2.2190551 2.0107874 -2.2190551 2.1092126 0 P 0
L -2.2190551 2.1092126 -2.1009449 2.1092126 0 P 0
L -2.2570079 0.0007874 -2.2570079 0.0992126 0 P 0
L -2.2570079 0.2307874 -2.2570079 0.3292126 0 P 0
L -2.2629921 -0.8807874 -2.1370079 -0.8807874 0 P 0
L -2.2629921 -0.9792126 -2.1370079 -0.9792126 0 P 0
L -2.2629921 -0.9792126 -2.2629921 -0.8807874 0 P 0
L -2.2929134 0.4948819 -2.2929134 0.6051181 0 P 0
L -2.3165354 0.4122835 -2.3165354 0.4477165 0 P 0
L -2.3165354 0.6522835 -2.3165354 0.6877165 0 P 0
L -2.3165354 0.7222835 -2.3165354 0.7577165 0 P 0
L -2.3829921 0.0007874 -2.2570079 0.0007874 0 P 0
L -2.3829921 0.0007874 -2.3829921 0.0992126 0 P 0
L -2.3829921 0.0992126 -2.2570079 0.0992126 0 P 0
L -2.3829921 0.2307874 -2.2570079 0.2307874 0 P 0
L -2.3829921 0.2307874 -2.3829921 0.3292126 0 P 0
L -2.3829921 0.3292126 -2.2570079 0.3292126 0 P 0
L -2.3834646 0.4122835 -2.3165354 0.4122835 0 P 0
L -2.3834646 0.4122835 -2.3834646 0.4477165 0 P 0
L -2.3834646 0.4477165 -2.3165354 0.4477165 0 P 0
L -2.3834646 0.6522835 -2.3165354 0.6522835 0 P 0
L -2.3834646 0.6522835 -2.3834646 0.6877165 0 P 0
L -2.3834646 0.6877165 -2.3165354 0.6877165 0 P 0
L -2.3834646 0.7222835 -2.3165354 0.7222835 0 P 0
L -2.3834646 0.7222835 -2.3834646 0.7577165 0 P 0
L -2.3834646 0.7577165 -2.3165354 0.7577165 0 P 0
L -2.4070866 0.4948819 -2.2929134 0.4948819 0 P 0
L -2.4070866 0.4948819 -2.4070866 0.6051181 0 P 0
L -2.4070866 0.6051181 -2.2929134 0.6051181 0 P 0
L -2.4512992 0.6655512 -2.4512992 0.7344488 0 P 0
L -2.4887008 0.6655512 -2.4512992 0.6655512 0 P 0
L -2.4887008 0.6655512 -2.4887008 0.7344488 0 P 0
L -2.4887008 0.7344488 -2.4512992 0.7344488 0 P 0
L 0.0155512 -1.6112992 0.0844488 -1.6112992 0 P 0
L 0.0155512 -1.6487008 0.0155512 -1.6112992 0 P 0
L 0.0155512 -1.6487008 0.0844488 -1.6487008 0 P 0
L 0.0308662 -0.9475393 0.0662992 -0.9475393 0 P 0
L 0.0308662 -1.0144685 0.0308662 -0.9475393 0 P 0
L 0.0308662 -1.0144685 0.0662992 -1.0144685 0 P 0
L 0.0308662 0.2475393 0.0308662 0.3144685 0 P 0
L 0.0308662 0.2475393 0.0662992 0.2475393 0 P 0
L 0.0308662 0.3144685 0.0662992 0.3144685 0 P 0
L 0.0409449 -2.1007874 0.1590551 -2.1007874 0 P 0
L 0.0409449 -2.1992126 0.0409449 -2.1007874 0 P 0
L 0.0409449 -2.1992126 0.1590551 -2.1992126 0 P 0
L 0.0409449 -2.3207874 0.1590551 -2.3207874 0 P 0
L 0.0409449 -2.4192126 0.0409449 -2.3207874 0 P 0
L 0.0409449 -2.4192126 0.1590551 -2.4192126 0 P 0
L 0.0655512 -2.2412992 0.1344488 -2.2412992 0 P 0
L 0.0655512 -2.2787008 0.0655512 -2.2412992 0 P 0
L 0.0655512 -2.2787008 0.1344488 -2.2787008 0 P 0
L 0.0662992 -1.0144685 0.0662992 -0.9475393 0 P 0
L 0.0662992 0.2475393 0.0662992 0.3144685 0 P 0
L 0.0844488 -1.6487008 0.0844488 -1.6112992 0 P 0
L 0.0884252 -1.9759843 0.0884252 -1.7240157 0 P 0
L 0.1212992 -1.7355512 0.1587008 -1.7355512 0 P 0
L 0.1212992 -1.8044488 0.1212992 -1.7355512 0 P 0
L 0.1212992 -1.8044488 0.1587008 -1.8044488 0 P 0
L 0.1344488 -2.2787008 0.1344488 -2.2412992 0 P 0
L 0.1365354 -1.8722835 0.2034646 -1.8722835 0 P 0
L 0.1365354 -1.9077165 0.1365354 -1.8722835 0 P 0
L 0.1365354 -1.9077165 0.2034646 -1.9077165 0 P 0
L 0.1365354 -1.9522835 0.2034646 -1.9522835 0 P 0
L 0.1365354 -1.9877165 0.1365354 -1.9522835 0 P 0
L 0.1365354 -1.9877165 0.2034646 -1.9877165 0 P 0
L 0.1587008 -1.8044488 0.1587008 -1.7355512 0 P 0
L 0.1590551 -2.1992126 0.1590551 -2.1007874 0 P 0
L 0.1590551 -2.4192126 0.1590551 -2.3207874 0 P 0
L 0.1809449 -1.7307874 0.2990551 -1.7307874 0 P 0
L 0.1809449 -1.8292126 0.1809449 -1.7307874 0 P 0
L 0.1809449 -1.8292126 0.2990551 -1.8292126 0 P 0
L 0.1809449 -2.1007874 0.2990551 -2.1007874 0 P 0
L 0.1809449 -2.1992126 0.1809449 -2.1007874 0 P 0
L 0.1809449 -2.1992126 0.2990551 -2.1992126 0 P 0
L 0.2034646 -1.9077165 0.2034646 -1.8722835 0 P 0
L 0.2034646 -1.9877165 0.2034646 -1.9522835 0 P 0
L 0.2055512 -2.0212992 0.2744488 -2.0212992 0 P 0
L 0.2055512 -2.0587008 0.2055512 -2.0212992 0 P 0
L 0.2055512 -2.0587008 0.2744488 -2.0587008 0 P 0
L 0.2055512 -2.2412992 0.2744488 -2.2412992 0 P 0
L 0.2055512 -2.2787008 0.2055512 -2.2412992 0 P 0
L 0.2055512 -2.2787008 0.2744488 -2.2787008 0 P 0
L 0.2744488 -2.0587008 0.2744488 -2.0212992 0 P 0
L 0.2744488 -2.2787008 0.2744488 -2.2412992 0 P 0
L 0.2867717 -0.9475393 0.3222047 -0.9475393 0 P 0
L 0.2867717 -1.0144685 0.2867717 -0.9475393 0 P 0
L 0.2867717 -1.0144685 0.3222047 -1.0144685 0 P 0
L 0.2867717 0.2465354 0.2867717 0.3134646 0 P 0
L 0.2867717 0.2465354 0.3222047 0.2465354 0 P 0
L 0.2867717 0.3134646 0.3222047 0.3134646 0 P 0
L 0.2990551 -1.8292126 0.2990551 -1.7307874 0 P 0
L 0.2990551 -2.1992126 0.2990551 -2.1007874 0 P 0
L 0.3222047 -1.0144685 0.3222047 -0.9475393 0 P 0
L 0.3222047 0.2465354 0.3222047 0.3134646 0 P 0
L 0.4137795 -1.6877795 0.8862205 -1.6877795 0 P 0
L 0.4137795 -2.1602205 0.4137795 -1.6877795 0 P 0
L 0.4137795 -2.1602205 0.8862205 -2.1602205 0 P 0
L 0.4673277 -0.8573277 0.4673277 0.1573277 0 P 0
L 0.5207874 -2.2109449 0.6192126 -2.2109449 0 P 0
L 0.5207874 -2.3290551 0.5207874 -2.2109449 0 P 0
L 0.5207874 -2.3290551 0.6192126 -2.3290551 0 P 0
L 0.5575393 -0.0232283 0.5575393 0.0122047 0 P 0
L 0.5575393 -0.0232283 0.6244685 -0.0232283 0 P 0
L 0.5575393 -0.0665355 0.6244685 -0.0665355 0 P 0
L 0.5575393 -0.1019685 0.5575393 -0.0665355 0 P 0
L 0.5575393 -0.1019685 0.6244685 -0.1019685 0 P 0
L 0.5575393 -0.342441 0.6244685 -0.342441 0 P 0
L 0.5575393 -0.377874 0.5575393 -0.342441 0 P 0
L 0.5575393 -0.377874 0.6244685 -0.377874 0 P 0
L 0.5575393 -0.4699213 0.6244685 -0.4699213 0 P 0
L 0.5575393 -0.5053543 0.5575393 -0.4699213 0 P 0
L 0.5575393 -0.5053543 0.6244685 -0.5053543 0 P 0
L 0.5575393 -0.6770866 0.6244685 -0.6770866 0 P 0
L 0.5575393 -0.7125196 0.5575393 -0.6770866 0 P 0
L 0.5575393 -0.7125196 0.6244685 -0.7125196 0 P 0
L 0.5575393 0.0122047 0.6244685 0.0122047 0 P 0
L 0.576378 -0.5501181 0.623622 -0.5501181 0 P 0
L 0.576378 -0.6308267 0.576378 -0.5501181 0 P 0
L 0.576378 -0.6308267 0.623622 -0.6308267 0 P 0
L 0.5806299 -0.1805511 0.6593701 -0.1805511 0 P 0
L 0.5806299 -0.2435433 0.5806299 -0.1805511 0 P 0
L 0.5806299 -0.2435433 0.6593701 -0.2435433 0 P 0
L 0.6192126 -2.3290551 0.6192126 -2.2109449 0 P 0
L 0.623622 -0.6308267 0.623622 -0.5501181 0 P 0
L 0.6244685 -0.0232283 0.6244685 0.0122047 0 P 0
L 0.6244685 -0.1019685 0.6244685 -0.0665355 0 P 0
L 0.6244685 -0.377874 0.6244685 -0.342441 0 P 0
L 0.6244685 -0.5053543 0.6244685 -0.4699213 0 P 0
L 0.6244685 -0.7125196 0.6244685 -0.6770866 0 P 0
L 0.6593701 -0.2435433 0.6593701 -0.1805511 0 P 0
L 0.6807874 -2.2109449 0.7792126 -2.2109449 0 P 0
L 0.6807874 -2.3290551 0.6807874 -2.2109449 0 P 0
L 0.6807874 -2.3290551 0.7792126 -2.3290551 0 P 0
L 0.6865354 -0.5427559 0.7534646 -0.5427559 0 P 0
L 0.6865354 -0.5781889 0.6865354 -0.5427559 0 P 0
L 0.6865354 -0.5781889 0.7534646 -0.5781889 0 P 0
L 0.6865354 -0.6018111 0.7534646 -0.6018111 0 P 0
L 0.6865354 -0.6372441 0.6865354 -0.6018111 0 P 0
L 0.6865354 -0.6372441 0.7534646 -0.6372441 0 P 0
L 0.7365354 -0.1622835 0.8034646 -0.1622835 0 P 0
L 0.7365354 -0.1977165 0.7365354 -0.1622835 0 P 0
L 0.7365354 -0.1977165 0.8034646 -0.1977165 0 P 0
L 0.7365354 -0.2222835 0.8034646 -0.2222835 0 P 0
L 0.7365354 -0.2577165 0.7365354 -0.2222835 0 P 0
L 0.7365354 -0.2577165 0.8034646 -0.2577165 0 P 0
L 0.7534646 -0.5781889 0.7534646 -0.5427559 0 P 0
L 0.7534646 -0.6372441 0.7534646 -0.6018111 0 P 0
L 0.7792126 -2.3290551 0.7792126 -2.2109449 0 P 0
L 0.8034646 -0.1977165 0.8034646 -0.1622835 0 P 0
L 0.8034646 -0.2577165 0.8034646 -0.2222835 0 P 0
L 0.8355512 -2.2112992 0.9044488 -2.2112992 0 P 0
L 0.8355512 -2.2487008 0.8355512 -2.2112992 0 P 0
L 0.8355512 -2.2487008 0.9044488 -2.2487008 0 P 0
L 0.8355512 -2.2912992 0.9044488 -2.2912992 0 P 0
L 0.8355512 -2.3287008 0.8355512 -2.2912992 0 P 0
L 0.8355512 -2.3287008 0.9044488 -2.3287008 0 P 0
L 0.8843661 -1.6106262 1.2426339 -1.6106262 0 P 0
L 0.8843661 -1.8074766 0.8843661 -1.6106262 0 P 0
L 0.8843661 -1.8074766 1.2426339 -1.8074766 0 P 0
L 0.8862205 -2.1602205 0.8862205 -1.6877795 0 P 0
L 0.9044488 -2.2487008 0.9044488 -2.2112992 0 P 0
L 0.9044488 -2.3287008 0.9044488 -2.2912992 0 P 0
L 0.9465354 -1.8822835 1.0134646 -1.8822835 0 P 0
L 0.9465354 -1.9177165 0.9465354 -1.8822835 0 P 0
L 0.9465354 -1.9177165 1.0134646 -1.9177165 0 P 0
L 0.9465354 -1.9422835 1.0134646 -1.9422835 0 P 0
L 0.9465354 -1.9777165 0.9465354 -1.9422835 0 P 0
L 0.9465354 -1.9777165 1.0134646 -1.9777165 0 P 0
L 1.0134646 -1.9177165 1.0134646 -1.8822835 0 P 0
L 1.0134646 -1.9777165 1.0134646 -1.9422835 0 P 0
L 1.0612992 -1.8955512 1.0987008 -1.8955512 0 P 0
L 1.0612992 -1.9644488 1.0612992 -1.8955512 0 P 0
L 1.0612992 -1.9644488 1.0987008 -1.9644488 0 P 0
L 1.0987008 -1.9644488 1.0987008 -1.8955512 0 P 0
L 1.1212992 -1.8955512 1.1587008 -1.8955512 0 P 0
L 1.1212992 -1.9644488 1.1212992 -1.8955512 0 P 0
L 1.1212992 -1.9644488 1.1587008 -1.9644488 0 P 0
L 1.1587008 -1.9644488 1.1587008 -1.8955512 0 P 0
L 1.1812992 -1.8955512 1.2187008 -1.8955512 0 P 0
L 1.1812992 -1.9644488 1.1812992 -1.8955512 0 P 0
L 1.1812992 -1.9644488 1.2187008 -1.9644488 0 P 0
L 1.2187008 -1.9644488 1.2187008 -1.8955512 0 P 0
L 1.2426339 -1.8074766 1.2426339 -1.6106262 0 P 0
L 1.2622835 1.1165354 1.2622835 1.1834646 0 P 0
L 1.2622835 1.1165354 1.2977165 1.1165354 0 P 0
L 1.2622835 1.1834646 1.2977165 1.1834646 0 P 0
L 1.2635827 1.2683071 1.2635827 1.7312992 0 P 0
L 1.2635827 1.2683071 2.1383858 1.2683071 0 P 0
L 1.2635827 1.7312992 2.1383858 1.7312992 0 P 0
L 1.2977165 1.1165354 1.2977165 1.1834646 0 P 0
L 1.3422835 1.1165354 1.3422835 1.1834646 0 P 0
L 1.3422835 1.1165354 1.3777165 1.1165354 0 P 0
L 1.3422835 1.1834646 1.3777165 1.1834646 0 P 0
L 1.3777165 1.1165354 1.3777165 1.1834646 0 P 0
L 1.4322835 1.8165354 1.4322835 1.8834646 0 P 0
L 1.4322835 1.8165354 1.4677165 1.8165354 0 P 0
L 1.4322835 1.8834646 1.4677165 1.8834646 0 P 0
L 1.4607874 -1.0970079 1.5592126 -1.0970079 0 P 0
L 1.4607874 -1.2229921 1.4607874 -1.0970079 0 P 0
L 1.4607874 -1.2229921 1.5592126 -1.2229921 0 P 0
L 1.4622835 -1.4165354 1.4977165 -1.4165354 0 P 0
L 1.4622835 -1.4834646 1.4622835 -1.4165354 0 P 0
L 1.4622835 -1.4834646 1.4977165 -1.4834646 0 P 0
L 1.4677165 1.8165354 1.4677165 1.8834646 0 P 0
L 1.4977165 -1.4834646 1.4977165 -1.4165354 0 P 0
L 1.5222835 1.1165354 1.5222835 1.1834646 0 P 0
L 1.5222835 1.1165354 1.5577165 1.1165354 0 P 0
L 1.5222835 1.1834646 1.5577165 1.1834646 0 P 0
L 1.5406299 -1.4185039 1.6193701 -1.4185039 0 P 0
L 1.5406299 -1.4814961 1.5406299 -1.4185039 0 P 0
L 1.5406299 -1.4814961 1.6193701 -1.4814961 0 P 0
L 1.5455512 -1.2812992 1.6144488 -1.2812992 0 P 0
L 1.5455512 -1.3187008 1.5455512 -1.2812992 0 P 0
L 1.5455512 -1.3187008 1.6144488 -1.3187008 0 P 0
L 1.5455512 -1.3412992 1.6144488 -1.3412992 0 P 0
L 1.5455512 -1.3787008 1.5455512 -1.3412992 0 P 0
L 1.5455512 -1.3787008 1.6144488 -1.3787008 0 P 0
L 1.5455512 -1.5212992 1.6144488 -1.5212992 0 P 0
L 1.5455512 -1.5587008 1.5455512 -1.5212992 0 P 0
L 1.5455512 -1.5587008 1.6144488 -1.5587008 0 P 0
L 1.5455512 -1.5812992 1.6144488 -1.5812992 0 P 0
L 1.5455512 -1.6187008 1.5455512 -1.5812992 0 P 0
L 1.5455512 -1.6187008 1.6144488 -1.6187008 0 P 0
L 1.5570079 0.9007874 1.5570079 0.9992126 0 P 0
L 1.5570079 0.9007874 1.6829921 0.9007874 0 P 0
L 1.5570079 0.9992126 1.6829921 0.9992126 0 P 0
L 1.5577165 1.1165354 1.5577165 1.1834646 0 P 0
L 1.5592126 -1.2229921 1.5592126 -1.0970079 0 P 0
L 1.5922835 -1.1565354 1.6277165 -1.1565354 0 P 0
L 1.5922835 -1.2234646 1.5922835 -1.1565354 0 P 0
L 1.5922835 -1.2234646 1.6277165 -1.2234646 0 P 0
L 1.6144488 -1.3187008 1.6144488 -1.2812992 0 P 0
L 1.6144488 -1.3787008 1.6144488 -1.3412992 0 P 0
L 1.6144488 -1.5587008 1.6144488 -1.5212992 0 P 0
L 1.6144488 -1.6187008 1.6144488 -1.5812992 0 P 0
L 1.6193701 -1.4814961 1.6193701 -1.4185039 0 P 0
L 1.6222835 1.8165354 1.6222835 1.8834646 0 P 0
L 1.6222835 1.8165354 1.6577165 1.8165354 0 P 0
L 1.6222835 1.8834646 1.6577165 1.8834646 0 P 0
L 1.6277165 -1.2234646 1.6277165 -1.1565354 0 P 0
L 1.6577165 1.8165354 1.6577165 1.8834646 0 P 0
L 1.6822835 1.1165354 1.6822835 1.1834646 0 P 0
L 1.6822835 1.1165354 1.7177165 1.1165354 0 P 0
L 1.6822835 1.1834646 1.7177165 1.1834646 0 P 0
L 1.6829921 0.9007874 1.6829921 0.9992126 0 P 0
L 1.7177165 1.1165354 1.7177165 1.1834646 0 P 0
L 1.7212992 -1.6955512 1.7587008 -1.6955512 0 P 0
L 1.7212992 -1.7644488 1.7212992 -1.6955512 0 P 0
L 1.7212992 -1.7644488 1.7587008 -1.7644488 0 P 0
L 1.730126 -1.0118898 2.6131181 -1.0118898 0 P 0
L 1.730126 -1.5918898 1.730126 -1.0118898 0 P 0
L 1.730126 -1.5918898 2.6131181 -1.5918898 0 P 0
L 1.7587008 -1.7644488 1.7587008 -1.6955512 0 P 0
L 1.7832992 -1.6955512 1.8207008 -1.6955512 0 P 0
L 1.7832992 -1.7644488 1.7832992 -1.6955512 0 P 0
L 1.7832992 -1.7644488 1.8207008 -1.7644488 0 P 0
L 1.7915354 -0.8122835 1.8584646 -0.8122835 0 P 0
L 1.7915354 -0.8477165 1.7915354 -0.8122835 0 P 0
L 1.7915354 -0.8477165 1.8584646 -0.8477165 0 P 0
L 1.7915354 -0.8822835 1.8584646 -0.8822835 0 P 0
L 1.7915354 -0.9177165 1.7915354 -0.8822835 0 P 0
L 1.7915354 -0.9177165 1.8584646 -0.9177165 0 P 0
L 1.8207008 -1.7644488 1.8207008 -1.6955512 0 P 0
L 1.8432992 -1.6955512 1.8807008 -1.6955512 0 P 0
L 1.8432992 -1.7644488 1.8432992 -1.6955512 0 P 0
L 1.8432992 -1.7644488 1.8807008 -1.7644488 0 P 0
L 1.8584646 -0.8477165 1.8584646 -0.8122835 0 P 0
L 1.8584646 -0.9177165 1.8584646 -0.8822835 0 P 0
L 1.8807008 -1.7644488 1.8807008 -1.6955512 0 P 0
L 1.9322835 -0.2165354 1.9677165 -0.2165354 0 P 0
L 1.9322835 -0.2834646 1.9322835 -0.2165354 0 P 0
L 1.9322835 -0.2834646 1.9677165 -0.2834646 0 P 0
L 1.9322835 0.1865354 1.9322835 0.2534646 0 P 0
L 1.9322835 0.1865354 1.9677165 0.1865354 0 P 0
L 1.9322835 0.2534646 1.9677165 0.2534646 0 P 0
L 1.9662992 -0.8355512 2.0037008 -0.8355512 0 P 0
L 1.9662992 -0.9044488 1.9662992 -0.8355512 0 P 0
L 1.9662992 -0.9044488 2.0037008 -0.9044488 0 P 0
L 1.9677165 -0.2834646 1.9677165 -0.2165354 0 P 0
L 1.9677165 0.1865354 1.9677165 0.2534646 0 P 0
L 2.0012992 -0.0455512 2.0387008 -0.0455512 0 P 0
L 2.0012992 -0.1144488 2.0012992 -0.0455512 0 P 0
L 2.0012992 -0.1144488 2.0387008 -0.1144488 0 P 0
L 2.0012992 0.3555512 2.0012992 0.4244488 0 P 0
L 2.0012992 0.3555512 2.0387008 0.3555512 0 P 0
L 2.0012992 0.4244488 2.0387008 0.4244488 0 P 0
L 2.0022835 -0.2165354 2.0377165 -0.2165354 0 P 0
L 2.0022835 -0.2834646 2.0022835 -0.2165354 0 P 0
L 2.0022835 -0.2834646 2.0377165 -0.2834646 0 P 0
L 2.0022835 0.1865354 2.0022835 0.2534646 0 P 0
L 2.0022835 0.1865354 2.0377165 0.1865354 0 P 0
L 2.0022835 0.2534646 2.0377165 0.2534646 0 P 0
L 2.0037008 -0.9044488 2.0037008 -0.8355512 0 P 0
L 2.0262992 -0.8355512 2.0637008 -0.8355512 0 P 0
L 2.0262992 -0.9044488 2.0262992 -0.8355512 0 P 0
L 2.0262992 -0.9044488 2.0637008 -0.9044488 0 P 0
L 2.0377165 -0.2834646 2.0377165 -0.2165354 0 P 0
L 2.0377165 0.1865354 2.0377165 0.2534646 0 P 0
L 2.0387008 -0.1144488 2.0387008 -0.0455512 0 P 0
L 2.0387008 0.3555512 2.0387008 0.4244488 0 P 0
L 2.0637008 -0.9044488 2.0637008 -0.8355512 0 P 0
L 2.0862992 -0.8355512 2.1237008 -0.8355512 0 P 0
L 2.0862992 -0.9044488 2.0862992 -0.8355512 0 P 0
L 2.0862992 -0.9044488 2.1237008 -0.9044488 0 P 0
L 2.0879528 -0.0425591 2.3320472 -0.0425591 0 P 0
L 2.0879528 -0.2394095 2.0879528 -0.0425591 0 P 0
L 2.0879528 -0.2394095 2.3320472 -0.2394095 0 P 0
L 2.0879528 0.2305905 2.0879528 0.4274409 0 P 0
L 2.0879528 0.2305905 2.3320472 0.2305905 0 P 0
L 2.0879528 0.4274409 2.3320472 0.4274409 0 P 0
L 2.0922835 1.1165354 2.0922835 1.1834646 0 P 0
L 2.0922835 1.1165354 2.1277165 1.1165354 0 P 0
L 2.0922835 1.1834646 2.1277165 1.1834646 0 P 0
L 2.1237008 -0.9044488 2.1237008 -0.8355512 0 P 0
L 2.1277165 1.1165354 2.1277165 1.1834646 0 P 0
L 2.1383858 1.2683071 2.1383858 1.7312992 0 P 0
L 2.1462992 -0.8355512 2.1837008 -0.8355512 0 P 0
L 2.1462992 -0.9044488 2.1462992 -0.8355512 0 P 0
L 2.1462992 -0.9044488 2.1837008 -0.9044488 0 P 0
L 2.1687874 -1.6955512 2.206189 -1.6955512 0 P 0
L 2.1687874 -1.7644488 2.1687874 -1.6955512 0 P 0
L 2.1687874 -1.7644488 2.206189 -1.7644488 0 P 0
L 2.1837008 -0.9044488 2.1837008 -0.8355512 0 P 0
L 2.206189 -1.7644488 2.206189 -1.6955512 0 P 0
L 2.3109921 -0.8355512 2.3483937 -0.8355512 0 P 0
L 2.3109921 -0.9044488 2.3109921 -0.8355512 0 P 0
L 2.3109921 -0.9044488 2.3483937 -0.9044488 0 P 0
L 2.3320472 -0.2394095 2.3320472 -0.0425591 0 P 0
L 2.3320472 0.2305905 2.3320472 0.4274409 0 P 0
L 2.3483937 -0.9044488 2.3483937 -0.8355512 0 P 0
L 2.3812992 -0.0455512 2.4187008 -0.0455512 0 P 0
L 2.3812992 -0.1144488 2.3812992 -0.0455512 0 P 0
L 2.3812992 -0.1144488 2.4187008 -0.1144488 0 P 0
L 2.3812992 -0.2155512 2.4187008 -0.2155512 0 P 0
L 2.3812992 -0.2844488 2.3812992 -0.2155512 0 P 0
L 2.3812992 -0.2844488 2.4187008 -0.2844488 0 P 0
L 2.3812992 0.1855512 2.3812992 0.2544488 0 P 0
L 2.3812992 0.1855512 2.4187008 0.1855512 0 P 0
L 2.3812992 0.2544488 2.4187008 0.2544488 0 P 0
L 2.3812992 0.3555512 2.3812992 0.4244488 0 P 0
L 2.3812992 0.3555512 2.4187008 0.3555512 0 P 0
L 2.3812992 0.4244488 2.4187008 0.4244488 0 P 0
L 2.4187008 -0.1144488 2.4187008 -0.0455512 0 P 0
L 2.4187008 -0.2844488 2.4187008 -0.2155512 0 P 0
L 2.4187008 0.1855512 2.4187008 0.2544488 0 P 0
L 2.4187008 0.3555512 2.4187008 0.4244488 0 P 0
L 2.6131181 -1.5918898 2.6131181 -1.0118898 0 P 0
