#Layer_Color=32768
#
#Feature symbol names
#
$0 r1.9685
$1 r3.937

#
#Feature attribute names
#

#
#Layer features
#
A -1.5724409 -1.825 -1.5724409 -1.825 -1.6 -1.825 0 P 0 N
A -1.5724409 -2.09 -1.5724409 -2.09 -1.6 -2.09 0 P 0 N
L -0.0014567 1.9029134 -0.0014567 2.0170866 0 P 0
L -0.0070866 -1.6014567 0.1070866 -1.6014567 0 P 0
L -0.0070866 -1.6585433 -0.0070866 -1.6014567 0 P 0
L -0.0070866 -1.6585433 0.1070866 -1.6585433 0 P 0
L -0.01 -1.8696851 -0.01 -1.830315 0 P 0
L -0.0129134 -1.6585433 -0.0129134 -1.6014567 0 P 0
L -0.029685 -1.85 0.0096851 -1.85 0 P 0
L -0.03 1.9412992 -0.03 1.9787008 0 P 0
L -0.04 -0.369685 -0.04 -0.330315 0 P 0
L -0.0487008 1.96 -0.0112992 1.96 0 P 0
L -0.0511023 -2.2257874 -0.0511023 -2.0742126 0 P 0
L -0.0585433 1.9029134 -0.0014567 1.9029134 0 P 0
L -0.0585433 1.9029134 -0.0585433 2.0170866 0 P 0
L -0.0585433 2.0170866 -0.0014567 2.0170866 0 P 0
L -0.059685 -0.35 -0.020315 -0.35 0 P 0
L -0.0614567 1.9029134 -0.0614567 2.0170866 0 P 0
L -0.0629134 -2.0685433 -0.0629134 -2.0114567 0 P 0
L -0.0629134 -2.2885433 -0.0629134 -2.2314567 0 P 0
L -0.07 -1.6487008 -0.07 -1.6112992 0 P 0
L -0.0887008 -1.63 -0.0512992 -1.63 0 P 0
L -0.09 1.9412992 -0.09 1.9787008 0 P 0
L -0.1087008 1.96 -0.0712992 1.96 0 P 0
L -0.1185433 1.9029134 -0.0614567 1.9029134 0 P 0
L -0.1185433 1.9029134 -0.1185433 2.0170866 0 P 0
L -0.1185433 2.0170866 -0.0614567 2.0170866 0 P 0
L -0.1187401 -1.05187 -0.1187401 -0.9101378 0 P 0
L -0.1187402 0.2101378 -0.1187402 0.35187 0 P 0
L -0.1191339 -1.9195276 -0.1191339 -1.8604725 0 P 0
L -0.12 -2.0587008 -0.12 -2.0212992 0 P 0
L -0.12 -2.169685 -0.12 -2.130315 0 P 0
L -0.12 -2.2787008 -0.12 -2.2412992 0 P 0
L -0.1202362 -1.697441 0.1002363 -1.697441 0 P 0
L -0.1202362 -2.0025591 -0.1202362 -1.697441 0 P 0
L -0.1202362 -2.0025591 0.1002363 -2.0025591 0 P 0
L -0.1204725 2.0791339 -0.1204725 2.2208661 0 P 0
L -0.1214567 1.9029134 -0.1214567 2.0170866 0 P 0
L -0.1214567 2.2829134 -0.1214567 2.3970866 0 P 0
L -0.1270866 -1.6014567 -0.0129134 -1.6014567 0 P 0
L -0.1270866 -1.6585433 -0.0129134 -1.6585433 0 P 0
L -0.1270866 -1.6585433 -0.1270866 -1.6014567 0 P 0
L -0.1314567 -1.8270866 -0.1314567 -1.7129134 0 P 0
L -0.1387008 -2.04 -0.1012992 -2.04 0 P 0
L -0.1387008 -2.26 -0.1012992 -2.26 0 P 0
L -0.139685 -2.15 -0.1003149 -2.15 0 P 0
L -0.1482677 -0.9997047 -0.1482677 -0.9623032 0 P 0
L -0.1482677 0.2623032 -0.1482677 0.2997047 0 P 0
L -0.15 1.9412992 -0.15 1.9787008 0 P 0
L -0.15 2.1312993 -0.15 2.1687008 0 P 0
L -0.15 2.3212992 -0.15 2.3587008 0 P 0
L -0.16 -1.7887008 -0.16 -1.7512992 0 P 0
L -0.1669684 -0.9810039 -0.1295669 -0.9810039 0 P 0
L -0.1669685 0.2810039 -0.129567 0.2810039 0 P 0
L -0.1687008 1.96 -0.1312992 1.96 0 P 0
L -0.1687008 2.15 -0.1312993 2.15 0 P 0
L -0.1687008 2.34 -0.1312992 2.34 0 P 0
L -0.1770866 -2.0114567 -0.0629134 -2.0114567 0 P 0
L -0.1770866 -2.0685433 -0.0629134 -2.0685433 0 P 0
L -0.1770866 -2.0685433 -0.1770866 -2.0114567 0 P 0
L -0.1770866 -2.2314567 -0.0629134 -2.2314567 0 P 0
L -0.1770866 -2.2885433 -0.0629134 -2.2885433 0 P 0
L -0.1770866 -2.2885433 -0.1770866 -2.2314567 0 P 0
L -0.1777952 -0.9101378 -0.1187401 -0.9101378 0 P 0
L -0.1777952 -1.05187 -0.1187401 -1.05187 0 P 0
L -0.1777952 -1.05187 -0.1777952 -0.9101378 0 P 0
L -0.1777953 0.2101378 -0.1187402 0.2101378 0 P 0
L -0.1777953 0.2101378 -0.1777953 0.35187 0 P 0
L -0.1777953 0.35187 -0.1187402 0.35187 0 P 0
L -0.1785433 1.9029134 -0.1214567 1.9029134 0 P 0
L -0.1785433 1.9029134 -0.1785433 2.0170866 0 P 0
L -0.1785433 2.0170866 -0.1214567 2.0170866 0 P 0
L -0.1785433 2.2829134 -0.1214567 2.2829134 0 P 0
L -0.1785433 2.2829134 -0.1785433 2.3970866 0 P 0
L -0.1785433 2.3970866 -0.1214567 2.3970866 0 P 0
L -0.1787008 -1.77 -0.1412992 -1.77 0 P 0
L -0.1795276 2.0791339 -0.1204725 2.0791339 0 P 0
L -0.1795276 2.0791339 -0.1795276 2.2208661 0 P 0
L -0.1795276 2.2208661 -0.1204725 2.2208661 0 P 0
L -0.1804725 2.0791339 -0.1804725 2.2208661 0 P 0
L -0.1814567 1.9029134 -0.1814567 2.0170866 0 P 0
L -0.1814567 2.2829134 -0.1814567 2.3970866 0 P 0
L -0.1885433 -1.7129134 -0.1314567 -1.7129134 0 P 0
L -0.1885433 -1.8270866 -0.1314567 -1.8270866 0 P 0
L -0.1885433 -1.8270866 -0.1885433 -1.7129134 0 P 0
L -0.1888976 -2.0742126 -0.0511023 -2.0742126 0 P 0
L -0.1888976 -2.2257874 -0.0511023 -2.2257874 0 P 0
L -0.1888976 -2.2257874 -0.1888976 -2.0742126 0 P 0
L -0.19 -1.9087008 -0.19 -1.8712993 0 P 0
L -0.1911023 -1.8557874 -0.1911023 -1.7042126 0 P 0
L -0.1911023 -2.2257874 -0.1911023 -2.0742126 0 P 0
L -0.1911023 -2.4457874 -0.1911023 -2.2942126 0 P 0
L -0.2029134 -2.2885433 -0.2029134 -2.2314567 0 P 0
L -0.2087008 -1.89 -0.1712993 -1.89 0 P 0
L -0.21 1.9412992 -0.21 1.9787008 0 P 0
L -0.21 2.1312993 -0.21 2.1687008 0 P 0
L -0.21 2.3212992 -0.21 2.3587008 0 P 0
L -0.2287008 1.96 -0.1912992 1.96 0 P 0
L -0.2287008 2.15 -0.1912993 2.15 0 P 0
L -0.2287008 2.34 -0.1912992 2.34 0 P 0
L -0.2385433 1.9029134 -0.1814567 1.9029134 0 P 0
L -0.2385433 1.9029134 -0.2385433 2.0170866 0 P 0
L -0.2385433 2.0170866 -0.1814567 2.0170866 0 P 0
L -0.2385433 2.2829134 -0.1814567 2.2829134 0 P 0
L -0.2385433 2.2829134 -0.2385433 2.3970866 0 P 0
L -0.2385433 2.3970866 -0.1814567 2.3970866 0 P 0
L -0.2395276 2.0791339 -0.1804725 2.0791339 0 P 0
L -0.2395276 2.0791339 -0.2395276 2.2208661 0 P 0
L -0.2395276 2.2208661 -0.1804725 2.2208661 0 P 0
L -0.2404724 1.8891339 -0.2404724 2.0308661 0 P 0
L -0.2404725 2.0791339 -0.2404725 2.2208661 0 P 0
L -0.2414567 2.2829134 -0.2414567 2.3970866 0 P 0
L -0.26 -1.799685 -0.26 -1.760315 0 P 0
L -0.26 -2.169685 -0.26 -2.130315 0 P 0
L -0.26 -2.2787008 -0.26 -2.2412992 0 P 0
L -0.26 -2.389685 -0.26 -2.350315 0 P 0
L -0.2608661 -1.8604725 -0.1191339 -1.8604725 0 P 0
L -0.2608661 -1.9195276 -0.1191339 -1.9195276 0 P 0
L -0.2608661 -1.9195276 -0.2608661 -1.8604725 0 P 0
L -0.27 1.9412992 -0.27 1.9787007 0 P 0
L -0.27 2.1312993 -0.27 2.1687008 0 P 0
L -0.27 2.3212992 -0.27 2.3587008 0 P 0
L -0.2759056 0.2101378 -0.2759056 0.35187 0 P 0
L -0.2787008 -2.26 -0.2412992 -2.26 0 P 0
L -0.279685 -1.78 -0.2403149 -1.78 0 P 0
L -0.279685 -2.15 -0.2403149 -2.15 0 P 0
L -0.279685 -2.37 -0.2403149 -2.37 0 P 0
L -0.2887007 1.96 -0.2512992 1.96 0 P 0
L -0.2887008 2.15 -0.2512993 2.15 0 P 0
L -0.2887008 2.34 -0.2512992 2.34 0 P 0
L -0.2985433 2.2829134 -0.2414567 2.2829134 0 P 0
L -0.2985433 2.2829134 -0.2985433 2.3970866 0 P 0
L -0.2985433 2.3970866 -0.2414567 2.3970866 0 P 0
L -0.2995275 1.8891339 -0.2404724 1.8891339 0 P 0
L -0.2995275 1.8891339 -0.2995275 2.0308661 0 P 0
L -0.2995275 2.0308661 -0.2404724 2.0308661 0 P 0
L -0.2995276 2.0791339 -0.2404725 2.0791339 0 P 0
L -0.2995276 2.0791339 -0.2995276 2.2208661 0 P 0
L -0.2995276 2.2208661 -0.2404725 2.2208661 0 P 0
L -0.3004724 1.8891339 -0.3004724 2.0308661 0 P 0
L -0.3014567 2.2829134 -0.3014567 2.3970866 0 P 0
L -0.3054331 0.2623032 -0.3054331 0.2997047 0 P 0
L -0.3170866 -2.2314567 -0.2029134 -2.2314567 0 P 0
L -0.3170866 -2.2885433 -0.2029134 -2.2885433 0 P 0
L -0.3170866 -2.2885433 -0.3170866 -2.2314567 0 P 0
L -0.3241339 0.2810039 -0.2867324 0.2810039 0 P 0
L -0.3288976 -1.7042126 -0.1911023 -1.7042126 0 P 0
L -0.3288976 -1.8557874 -0.1911023 -1.8557874 0 P 0
L -0.3288976 -1.8557874 -0.3288976 -1.7042126 0 P 0
L -0.3288976 -2.0742126 -0.1911023 -2.0742126 0 P 0
L -0.3288976 -2.2257874 -0.1911023 -2.2257874 0 P 0
L -0.3288976 -2.2257874 -0.3288976 -2.0742126 0 P 0
L -0.3288976 -2.2942126 -0.1911023 -2.2942126 0 P 0
L -0.3288976 -2.4457874 -0.1911023 -2.4457874 0 P 0
L -0.3288976 -2.4457874 -0.3288976 -2.2942126 0 P 0
L -0.33 1.9412992 -0.33 1.9787007 0 P 0
L -0.33 2.3212992 -0.33 2.3587008 0 P 0
L -0.3349607 0.2101378 -0.2759056 0.2101378 0 P 0
L -0.3349607 0.2101378 -0.3349607 0.35187 0 P 0
L -0.3349607 0.35187 -0.2759056 0.35187 0 P 0
L -0.3352756 0.2101378 -0.3352756 0.35187 0 P 0
L -0.3487007 1.96 -0.3112992 1.96 0 P 0
L -0.3487008 2.34 -0.3112992 2.34 0 P 0
L -0.3585433 2.2829134 -0.3014567 2.2829134 0 P 0
L -0.3585433 2.2829134 -0.3585433 2.3970866 0 P 0
L -0.3585433 2.3970866 -0.3014567 2.3970866 0 P 0
L -0.3595275 1.8891339 -0.3004724 1.8891339 0 P 0
L -0.3595275 1.8891339 -0.3595275 2.0308661 0 P 0
L -0.3595275 2.0308661 -0.3004724 2.0308661 0 P 0
L -0.3614567 2.2829134 -0.3614567 2.3970866 0 P 0
L -0.3615748 2.0215748 -0.3615748 2.2184252 0 P 0
L -0.3648031 0.2623032 -0.3648031 0.2997047 0 P 0
L -0.3746456 -1.05187 -0.3746456 -0.9101378 0 P 0
L -0.3804724 1.6991339 -0.3804724 1.8408661 0 P 0
L -0.3835039 0.2810039 -0.3461024 0.2810039 0 P 0
L -0.3838965 1.8517717 -0.3838965 1.9482298 0 P 0
L -0.39 2.3212992 -0.39 2.3587008 0 P 0
L -0.3943307 0.2101378 -0.3352756 0.2101378 0 P 0
L -0.3943307 0.2101378 -0.3943307 0.35187 0 P 0
L -0.3943307 0.35187 -0.3352756 0.35187 0 P 0
L -0.4041732 -0.9997047 -0.4041732 -0.9623032 0 P 0
L -0.4087008 2.34 -0.3712992 2.34 0 P 0
L -0.41 1.7512992 -0.41 1.7887007 0 P 0
L -0.4185433 2.2829134 -0.3614567 2.2829134 0 P 0
L -0.4185433 2.2829134 -0.4185433 2.3970866 0 P 0
L -0.4185433 2.3970866 -0.3614567 2.3970866 0 P 0
L -0.4214567 2.2829134 -0.4214567 2.3970866 0 P 0
L -0.4228739 -0.9810039 -0.3854724 -0.9810039 0 P 0
L -0.4253146 -1.966989 -0.4253146 -1.7150155 0 P 0
L -0.4287007 1.77 -0.3912992 1.77 0 P 0
L -0.4337007 -0.9101378 -0.3746456 -0.9101378 0 P 0
L -0.4337007 -1.05187 -0.3746456 -1.05187 0 P 0
L -0.4337007 -1.05187 -0.4337007 -0.9101378 0 P 0
L -0.4395275 1.6991339 -0.3804724 1.6991339 0 P 0
L -0.4395275 1.6991339 -0.4395275 1.8408661 0 P 0
L -0.4395275 1.8408661 -0.3804724 1.8408661 0 P 0
L -0.44 1.8812992 -0.44 1.9187008 0 P 0
L -0.4404724 1.6991339 -0.4404724 1.8408661 0 P 0
L -0.45 2.3212992 -0.45 2.3587008 0 P 0
L -0.4587008 1.9 -0.4212992 1.9 0 P 0
L -0.46 2.100315 -0.46 2.139685 0 P 0
L -0.4687008 2.34 -0.4312992 2.34 0 P 0
L -0.47 1.7512992 -0.47 1.7887007 0 P 0
L -0.4785433 2.2829134 -0.4214567 2.2829134 0 P 0
L -0.4785433 2.2829134 -0.4785433 2.3970866 0 P 0
L -0.4785433 2.3970866 -0.4214567 2.3970866 0 P 0
L -0.479685 2.12 -0.440315 2.12 0 P 0
L -0.4887007 1.77 -0.4512992 1.77 0 P 0
L -0.4961024 1.8517717 -0.3838965 1.8517717 0 P 0
L -0.4961024 1.8517717 -0.4961024 1.9482298 0 P 0
L -0.4961024 1.9482298 -0.3838965 1.9482298 0 P 0
L -0.4995275 1.6991339 -0.4404724 1.6991339 0 P 0
L -0.4995275 1.6991339 -0.4995275 1.8408661 0 P 0
L -0.4995275 1.8408661 -0.4404724 1.8408661 0 P 0
L -0.5584252 2.0215748 -0.3615748 2.0215748 0 P 0
L -0.5584252 2.0215748 -0.5584252 2.2184252 0 P 0
L -0.5584252 2.2184252 -0.3615748 2.2184252 0 P 0
L -0.5591339 1.8404724 -0.5591339 1.8995275 0 P 0
L -0.5591339 1.8999606 -0.5591339 1.9590157 0 P 0
L -0.5591339 1.9599606 -0.5591339 2.0190157 0 P 0
L -0.5591339 2.2204724 -0.5591339 2.2795275 0 P 0
L -0.5591339 2.2804724 -0.5591339 2.3395275 0 P 0
L -0.5591339 2.3404724 -0.5591339 2.3995275 0 P 0
L -0.5729134 2.0214567 -0.5729134 2.0785433 0 P 0
L -0.5774016 -0.8874016 -0.5774016 0.1874016 0 P 0
L -0.5774016 -0.8874016 0.4974016 -0.8874016 0 P 0
L -0.5774016 0.1874016 0.4974016 0.1874016 0 P 0
L -0.5991339 -0.6595276 -0.5991339 -0.6004725 0 P 0
L -0.5991339 -0.7195276 -0.5991339 -0.6604725 0 P 0
L -0.6001378 -0.2318898 -0.6001378 -0.1728347 0 P 0
L -0.6001378 -0.3874804 -0.6001378 -0.3284253 0 P 0
L -0.6001378 -0.4484252 -0.6001378 -0.3893701 0 P 0
L -0.6001378 0.0143307 -0.6001378 0.0733858 0 P 0
L -0.63 1.8512992 -0.63 1.8887007 0 P 0
L -0.63 1.9107874 -0.63 1.9481889 0 P 0
L -0.63 1.9707874 -0.63 2.0081889 0 P 0
L -0.63 2.0312992 -0.63 2.0687008 0 P 0
L -0.63 2.2312992 -0.63 2.2687007 0 P 0
L -0.63 2.2912992 -0.63 2.3287007 0 P 0
L -0.63 2.3512992 -0.63 2.3887007 0 P 0
L -0.6487008 1.87 -0.6112993 1.87 0 P 0
L -0.6487008 1.9294882 -0.6112993 1.9294882 0 P 0
L -0.6487008 1.9894882 -0.6112993 1.9894882 0 P 0
L -0.6487008 2.05 -0.6112992 2.05 0 P 0
L -0.6487008 2.25 -0.6112993 2.25 0 P 0
L -0.6487008 2.31 -0.6112993 2.31 0 P 0
L -0.6487008 2.37 -0.6112993 2.37 0 P 0
L -0.67 -0.6487008 -0.67 -0.6112993 0 P 0
L -0.67 -0.7087008 -0.67 -0.6712993 0 P 0
L -0.6710039 -0.221063 -0.6710039 -0.1836615 0 P 0
L -0.6710039 -0.3766536 -0.6710039 -0.3392521 0 P 0
L -0.6710039 -0.4375984 -0.6710039 -0.4001969 0 P 0
L -0.6710039 0.0251575 -0.6710039 0.062559 0 P 0
L -0.6870866 2.0214567 -0.5729134 2.0214567 0 P 0
L -0.6870866 2.0214567 -0.6870866 2.0785433 0 P 0
L -0.6870866 2.0785433 -0.5729134 2.0785433 0 P 0
L -0.6887008 -0.63 -0.6512993 -0.63 0 P 0
L -0.6887008 -0.69 -0.6512993 -0.69 0 P 0
L -0.6897047 -0.2023622 -0.6523032 -0.2023622 0 P 0
L -0.6897047 -0.3579528 -0.6523032 -0.3579528 0 P 0
L -0.6897047 -0.4188976 -0.6523032 -0.4188976 0 P 0
L -0.6897047 0.0438583 -0.6523032 0.0438583 0 P 0
L -0.7008661 1.8404724 -0.5591339 1.8404724 0 P 0
L -0.7008661 1.8404724 -0.7008661 1.8995275 0 P 0
L -0.7008661 1.8995275 -0.5591339 1.8995275 0 P 0
L -0.7008661 1.8999606 -0.5591339 1.8999606 0 P 0
L -0.7008661 1.8999606 -0.7008661 1.9590157 0 P 0
L -0.7008661 1.9590157 -0.5591339 1.9590157 0 P 0
L -0.7008661 1.9599606 -0.5591339 1.9599606 0 P 0
L -0.7008661 1.9599606 -0.7008661 2.0190157 0 P 0
L -0.7008661 2.0190157 -0.5591339 2.0190157 0 P 0
L -0.7008661 2.2204724 -0.5591339 2.2204724 0 P 0
L -0.7008661 2.2204724 -0.7008661 2.2795275 0 P 0
L -0.7008661 2.2795275 -0.5591339 2.2795275 0 P 0
L -0.7008661 2.2804724 -0.5591339 2.2804724 0 P 0
L -0.7008661 2.2804724 -0.7008661 2.3395275 0 P 0
L -0.7008661 2.3395275 -0.5591339 2.3395275 0 P 0
L -0.7008661 2.3404724 -0.5591339 2.3404724 0 P 0
L -0.7008661 2.3404724 -0.7008661 2.3995275 0 P 0
L -0.7008661 2.3995275 -0.5591339 2.3995275 0 P 0
L -0.7408661 -0.6004725 -0.5991339 -0.6004725 0 P 0
L -0.7408661 -0.6595276 -0.5991339 -0.6595276 0 P 0
L -0.7408661 -0.6595276 -0.7408661 -0.6004725 0 P 0
L -0.7408661 -0.6604725 -0.5991339 -0.6604725 0 P 0
L -0.7408661 -0.7195276 -0.5991339 -0.7195276 0 P 0
L -0.7408661 -0.7195276 -0.7408661 -0.6604725 0 P 0
L -0.74187 -0.1728347 -0.6001378 -0.1728347 0 P 0
L -0.74187 -0.2318898 -0.6001378 -0.2318898 0 P 0
L -0.74187 -0.2318898 -0.74187 -0.1728347 0 P 0
L -0.74187 -0.3284253 -0.6001378 -0.3284253 0 P 0
L -0.74187 -0.3874804 -0.6001378 -0.3874804 0 P 0
L -0.74187 -0.3874804 -0.74187 -0.3284253 0 P 0
L -0.74187 -0.3893701 -0.6001378 -0.3893701 0 P 0
L -0.74187 -0.4484252 -0.6001378 -0.4484252 0 P 0
L -0.74187 -0.4484252 -0.74187 -0.3893701 0 P 0
L -0.74187 0.0143307 -0.6001378 0.0143307 0 P 0
L -0.74187 0.0143307 -0.74187 0.0733858 0 P 0
L -0.74187 0.0733858 -0.6001378 0.0733858 0 P 0
L -0.945 -1.8597008 -0.945 -1.8222992 0 P 0
L -0.9537008 1.7650394 -0.9537008 1.8949606 0 P 0
L -0.9624016 1.1314567 -0.9624016 1.1885433 0 P 0
L -0.9624016 1.2314567 -0.9624016 1.2885433 0 P 0
L -0.9624016 1.5294567 -0.9624016 1.5865433 0 P 0
L -0.9624016 1.6294567 -0.9624016 1.6865433 0 P 0
L -0.9637008 -1.841 -0.9262992 -1.841 0 P 0
L -1.0194882 1.1412992 -1.0194882 1.1787008 0 P 0
L -1.0194882 1.2412992 -1.0194882 1.2787008 0 P 0
L -1.0194882 1.5392992 -1.0194882 1.5767008 0 P 0
L -1.0194882 1.6392992 -1.0194882 1.6767008 0 P 0
L -1.038189 1.16 -1.0007874 1.16 0 P 0
L -1.038189 1.26 -1.0007874 1.26 0 P 0
L -1.038189 1.558 -1.0007874 1.558 0 P 0
L -1.038189 1.658 -1.0007874 1.658 0 P 0
L -1.06 1.810315 -1.06 1.849685 0 P 0
L -1.0765748 1.1314567 -0.9624016 1.1314567 0 P 0
L -1.0765748 1.1314567 -1.0765748 1.1885433 0 P 0
L -1.0765748 1.1885433 -0.9624016 1.1885433 0 P 0
L -1.0765748 1.2314567 -0.9624016 1.2314567 0 P 0
L -1.0765748 1.2314567 -1.0765748 1.2885433 0 P 0
L -1.0765748 1.2885433 -0.9624016 1.2885433 0 P 0
L -1.0765748 1.5294567 -0.9624016 1.5294567 0 P 0
L -1.0765748 1.5294567 -1.0765748 1.5865433 0 P 0
L -1.0765748 1.5865433 -0.9624016 1.5865433 0 P 0
L -1.0765748 1.6294567 -0.9624016 1.6294567 0 P 0
L -1.0765748 1.6294567 -1.0765748 1.6865433 0 P 0
L -1.0765748 1.6865433 -0.9624016 1.6865433 0 P 0
L -1.079685 1.83 -1.0403149 1.83 0 P 0
L -1.1662992 1.7650394 -0.9537008 1.7650394 0 P 0
L -1.1662992 1.7650394 -1.1662992 1.8949606 0 P 0
L -1.1662992 1.8949606 -0.9537008 1.8949606 0 P 0
L -1.1877559 1.7915748 -1.1877559 1.9884252 0 P 0
L -1.2091339 -2.0795276 -1.2091339 -2.0204725 0 P 0
L -1.235 1.8703149 -1.235 1.909685 0 P 0
L -1.2546851 1.89 -1.215315 1.89 0 P 0
L -1.28 -2.0687008 -1.28 -2.0312993 0 P 0
L -1.2822441 1.7915748 -1.1877559 1.7915748 0 P 0
L -1.2822441 1.7915748 -1.2822441 1.9884252 0 P 0
L -1.2822441 1.9884252 -1.1877559 1.9884252 0 P 0
L -1.2987008 -2.05 -1.2612993 -2.05 0 P 0
L -1.34813 1.3544725 -1.34813 1.4135276 0 P 0
L -1.3508661 -2.0204725 -1.2091339 -2.0204725 0 P 0
L -1.3508661 -2.0795276 -1.2091339 -2.0795276 0 P 0
L -1.3508661 -2.0795276 -1.3508661 -2.0204725 0 P 0
L -1.3927559 1.7915748 -1.3927559 1.9884252 0 P 0
L -1.4037008 -1.5549606 -1.4037008 -1.4250394 0 P 0
L -1.4189961 1.3652993 -1.4189961 1.4027008 0 P 0
L -1.4376968 1.384 -1.4002953 1.384 0 P 0
L -1.44 1.870315 -1.44 1.9096851 0 P 0
L -1.459685 1.89 -1.4203149 1.89 0 P 0
L -1.46469 -1.7150155 -0.4253146 -1.7150155 0 P 0
L -1.46469 -1.966989 -0.4253146 -1.966989 0 P 0
L -1.46469 -1.966989 -1.46469 -1.7150155 0 P 0
L -1.4872441 1.7915748 -1.3927559 1.7915748 0 P 0
L -1.4872441 1.7915748 -1.4872441 1.9884252 0 P 0
L -1.4872441 1.9884252 -1.3927559 1.9884252 0 P 0
L -1.4898622 1.3544725 -1.34813 1.3544725 0 P 0
L -1.4898622 1.3544725 -1.4898622 1.4135276 0 P 0
L -1.4898622 1.4135276 -1.34813 1.4135276 0 P 0
L -1.51 -1.509685 -1.51 -1.470315 0 P 0
L -1.5296851 -1.49 -1.490315 -1.49 0 P 0
L -1.6 -1.8437008 -1.6 -1.8062992 0 P 0
L -1.6 -2.1087008 -1.6 -2.0712992 0 P 0
L -1.6162992 -1.4250394 -1.4037008 -1.4250394 0 P 0
L -1.6162992 -1.5549606 -1.4037008 -1.5549606 0 P 0
L -1.6162992 -1.5549606 -1.6162992 -1.4250394 0 P 0
L -1.6187008 -1.825 -1.5812992 -1.825 0 P 0
L -1.6187008 -2.09 -1.5812992 -2.09 0 P 0
L -1.6525984 -1.8687402 -1.6525984 -1.7112598 0 P 0
L -1.6711024 -2.0426772 -1.6711024 -1.8773228 0 P 0
L -1.6829134 -2.1185433 -1.6829134 -2.0614567 0 P 0
L -1.6834252 1.3054567 -1.6834252 1.3625433 0 P 0
L -1.6834252 1.3954567 -1.6834252 1.4525433 0 P 0
L -1.6834252 1.4654567 -1.6834252 1.5225433 0 P 0
L -1.6834252 1.5554567 -1.6834252 1.6125433 0 P 0
L -1.69 -1.809685 -1.69 -1.7703149 0 P 0
L -1.709685 -1.79 -1.6703149 -1.79 0 P 0
L -1.7274015 -1.7112598 -1.6525984 -1.7112598 0 P 0
L -1.7274015 -1.8687402 -1.6525984 -1.8687402 0 P 0
L -1.7274015 -1.8687402 -1.7274015 -1.7112598 0 P 0
L -1.74 -1.979685 -1.74 -1.940315 0 P 0
L -1.74 -2.1087008 -1.74 -2.0712992 0 P 0
L -1.7405118 1.3152992 -1.7405118 1.3527008 0 P 0
L -1.7405118 1.4052992 -1.7405118 1.4427008 0 P 0
L -1.7405118 1.4752992 -1.7405118 1.5127008 0 P 0
L -1.7405118 1.5652992 -1.7405118 1.6027008 0 P 0
L -1.7525984 -1.8687402 -1.7525984 -1.7112598 0 P 0
L -1.7587008 -2.09 -1.7212992 -2.09 0 P 0
L -1.7592126 1.334 -1.721811 1.334 0 P 0
L -1.7592126 1.424 -1.721811 1.424 0 P 0
L -1.7592126 1.494 -1.721811 1.494 0 P 0
L -1.7592126 1.584 -1.721811 1.584 0 P 0
L -1.7596851 -1.96 -1.720315 -1.96 0 P 0
L -1.7711024 1.9842126 -1.7711024 2.1357874 0 P 0
L -1.7714567 1.8629134 -1.7714567 1.9770866 0 P 0
L -1.79 -1.809685 -1.79 -1.7703149 0 P 0
L -1.7966929 2.1533859 -1.7966929 2.3266142 0 P 0
L -1.7970866 -2.0614567 -1.6829134 -2.0614567 0 P 0
L -1.7970866 -2.1185433 -1.6829134 -2.1185433 0 P 0
L -1.7970866 -2.1185433 -1.7970866 -2.0614567 0 P 0
L -1.7975984 1.3054567 -1.6834252 1.3054567 0 P 0
L -1.7975984 1.3054567 -1.7975984 1.3625433 0 P 0
L -1.7975984 1.3625433 -1.6834252 1.3625433 0 P 0
L -1.7975984 1.3954567 -1.6834252 1.3954567 0 P 0
L -1.7975984 1.3954567 -1.7975984 1.4525433 0 P 0
L -1.7975984 1.4525433 -1.6834252 1.4525433 0 P 0
L -1.7975984 1.4654567 -1.6834252 1.4654567 0 P 0
L -1.7975984 1.4654567 -1.7975984 1.5225433 0 P 0
L -1.7975984 1.5225433 -1.6834252 1.5225433 0 P 0
L -1.7975984 1.5554567 -1.6834252 1.5554567 0 P 0
L -1.7975984 1.5554567 -1.7975984 1.6125433 0 P 0
L -1.7975984 1.6125433 -1.6834252 1.6125433 0 P 0
L -1.8 1.9012992 -1.8 1.9387008 0 P 0
L -1.8014567 0.4929134 -1.8014567 0.6070866 0 P 0
L -1.809685 -1.79 -1.7703149 -1.79 0 P 0
L -1.8187008 1.92 -1.7812992 1.92 0 P 0
L -1.8230613 -2.0348049 -1.8230613 -1.8851969 0 P 0
L -1.8266142 -1.8773228 -1.6711024 -1.8773228 0 P 0
L -1.8266142 -2.0426772 -1.6711024 -2.0426772 0 P 0
L -1.8266142 -2.0426772 -1.8266142 -1.8773228 0 P 0
L -1.8274015 -1.7112598 -1.7525984 -1.7112598 0 P 0
L -1.8274015 -1.8687402 -1.7525984 -1.8687402 0 P 0
L -1.8274015 -1.8687402 -1.8274015 -1.7112598 0 P 0
L -1.8285433 1.8629134 -1.7714567 1.8629134 0 P 0
L -1.8285433 1.8629134 -1.8285433 1.9770866 0 P 0
L -1.8285433 1.9770866 -1.7714567 1.9770866 0 P 0
L -1.83 0.5312992 -1.83 0.5687008 0 P 0
L -1.84 2.040315 -1.84 2.079685 0 P 0
L -1.84 2.220315 -1.84 2.2596851 0 P 0
L -1.8487008 0.55 -1.8112992 0.55 0 P 0
L -1.8514567 1.8629134 -1.8514567 1.9770866 0 P 0
L -1.8576378 2.3691339 -1.8576378 2.5305512 0 P 0
L -1.8585433 0.4929134 -1.8014567 0.4929134 0 P 0
L -1.8585433 0.4929134 -1.8585433 0.6070866 0 P 0
L -1.8585433 0.6070866 -1.8014567 0.6070866 0 P 0
L -1.859685 2.24 -1.8203149 2.24 0 P 0
L -1.8596851 2.06 -1.820315 2.06 0 P 0
L -1.8614567 0.4929134 -1.8614567 0.6070866 0 P 0
L -1.88 1.9012992 -1.88 1.9387008 0 P 0
L -1.8811024 1.3773228 -1.8811024 1.5426772 0 P 0
L -1.8833071 2.1533859 -1.7966929 2.1533859 0 P 0
L -1.8833071 2.1533859 -1.8833071 2.3266142 0 P 0
L -1.8833071 2.3266142 -1.7966929 2.3266142 0 P 0
L -1.8899968 -1.9796882 -1.8899968 -1.9403182 0 P 0
L -1.89 0.5312992 -1.89 0.5687008 0 P 0
L -1.8987008 1.92 -1.8612992 1.92 0 P 0
L -1.9085433 1.8629134 -1.8514567 1.8629134 0 P 0
L -1.9085433 1.8629134 -1.9085433 1.9770866 0 P 0
L -1.9085433 1.9770866 -1.8514567 1.9770866 0 P 0
L -1.9087008 0.55 -1.8712992 0.55 0 P 0
L -1.9088977 1.9842126 -1.7711024 1.9842126 0 P 0
L -1.9088977 1.9842126 -1.9088977 2.1357874 0 P 0
L -1.9088977 2.1357874 -1.7711024 2.1357874 0 P 0
L -1.9096818 -1.9600032 -1.8703118 -1.9600032 0 P 0
L -1.9185433 0.4929134 -1.8614567 0.4929134 0 P 0
L -1.9185433 0.4929134 -1.9185433 0.6070866 0 P 0
L -1.9185433 0.6070866 -1.8614567 0.6070866 0 P 0
L -1.9311024 1.9842126 -1.9311024 2.1357874 0 P 0
L -1.9314567 1.8629134 -1.9314567 1.9770866 0 P 0
L -1.95 1.440315 -1.95 1.479685 0 P 0
L -1.9566929 2.1533859 -1.9566929 2.3266142 0 P 0
L -1.9569259 -1.8851969 -1.8230613 -1.8851969 0 P 0
L -1.9569259 -2.0348049 -1.8230613 -2.0348049 0 P 0
L -1.9569259 -2.0348049 -1.9569259 -1.8851969 0 P 0
L -1.9573228 0.4811024 -1.9573228 0.6366142 0 P 0
L -1.96 1.9012992 -1.96 1.9387008 0 P 0
L -1.96 2.4212992 -1.96 2.4587008 0 P 0
L -1.9696851 1.46 -1.930315 1.46 0 P 0
L -1.9704725 0.1291339 -1.9704725 0.2708661 0 P 0
L -1.9714567 0.0029134 -1.9714567 0.1170866 0 P 0
L -1.9787008 1.92 -1.9412992 1.92 0 P 0
L -1.9787008 2.44 -1.9412992 2.44 0 P 0
L -1.9885433 1.8629134 -1.9314567 1.8629134 0 P 0
L -1.9885433 1.8629134 -1.9885433 1.9770866 0 P 0
L -1.9885433 1.9770866 -1.9314567 1.9770866 0 P 0
L -2 0.0412992 -2 0.0787008 0 P 0
L -2 0.1812993 -2 0.2187008 0 P 0
L -2 2.040315 -2 2.079685 0 P 0
L -2 2.220315 -2 2.2596851 0 P 0
L -2.0114567 1.8629134 -2.0114567 1.9770866 0 P 0
L -2.0187008 0.06 -1.9812992 0.06 0 P 0
L -2.0187008 0.2 -1.9812993 0.2 0 P 0
L -2.019685 2.24 -1.9803149 2.24 0 P 0
L -2.0196851 2.06 -1.980315 2.06 0 P 0
L -2.0285433 0.0029134 -1.9714567 0.0029134 0 P 0
L -2.0285433 0.0029134 -2.0285433 0.1170866 0 P 0
L -2.0285433 0.1170866 -1.9714567 0.1170866 0 P 0
L -2.0295276 0.1291339 -1.9704725 0.1291339 0 P 0
L -2.0295276 0.1291339 -2.0295276 0.2708661 0 P 0
L -2.0295276 0.2708661 -1.9704725 0.2708661 0 P 0
L -2.0366142 1.3773228 -1.8811024 1.3773228 0 P 0
L -2.0366142 1.3773228 -2.0366142 1.5426772 0 P 0
L -2.0366142 1.5426772 -1.8811024 1.5426772 0 P 0
L -2.0373228 0.0611024 -2.0373228 0.2166142 0 P 0
L -2.04 0.530315 -2.04 0.5696851 0 P 0
L -2.04 1.9012992 -2.04 1.9387008 0 P 0
L -2.0433071 2.1533859 -1.9566929 2.1533859 0 P 0
L -2.0433071 2.1533859 -2.0433071 2.3266142 0 P 0
L -2.0433071 2.3266142 -1.9566929 2.3266142 0 P 0
L -2.0451969 0.2130613 -2.0451969 0.3469259 0 P 0
L -2.0584252 2.3691339 -1.8576378 2.3691339 0 P 0
L -2.0584252 2.3691339 -2.0584252 2.5305512 0 P 0
L -2.0584252 2.5305512 -1.8576378 2.5305512 0 P 0
L -2.0587008 1.92 -2.0212992 1.92 0 P 0
L -2.059685 0.55 -2.020315 0.55 0 P 0
L -2.0629134 -0.0585433 -2.0629134 -0.0014567 0 P 0
L -2.0629134 0.0014567 -2.0629134 0.0585433 0 P 0
L -2.0685433 1.8629134 -2.0114567 1.8629134 0 P 0
L -2.0685433 1.8629134 -2.0685433 1.9770866 0 P 0
L -2.0685433 1.9770866 -2.0114567 1.9770866 0 P 0
L -2.0688977 1.9842126 -1.9311024 1.9842126 0 P 0
L -2.0688977 1.9842126 -2.0688977 2.1357874 0 P 0
L -2.0688977 2.1357874 -1.9311024 2.1357874 0 P 0
L -2.0911024 1.9842126 -2.0911024 2.1357874 0 P 0
L -2.0914567 1.8629134 -2.0914567 1.9770866 0 P 0
L -2.0937008 -0.9949606 -2.0937008 -0.8650394 0 P 0
L -2.1166929 2.1533859 -2.1166929 2.3266142 0 P 0
L -2.12 -0.0487008 -2.12 -0.0112992 0 P 0
L -2.12 0.0112992 -2.12 0.0487008 0 P 0
L -2.12 0.110315 -2.12 0.1496851 0 P 0
L -2.12 1.9012992 -2.12 1.9387008 0 P 0
L -2.1200032 0.2603118 -2.1200032 0.2996818 0 P 0
L -2.1226772 0.4811024 -1.9573228 0.4811024 0 P 0
L -2.1226772 0.4811024 -2.1226772 0.6366142 0 P 0
L -2.1226772 0.6366142 -1.9573228 0.6366142 0 P 0
L -2.1387008 -0.03 -2.1012992 -0.03 0 P 0
L -2.1387008 0.03 -2.1012992 0.03 0 P 0
L -2.1387008 1.92 -2.1012992 1.92 0 P 0
L -2.139685 0.13 -2.100315 0.13 0 P 0
L -2.1396882 0.2799968 -2.1003182 0.2799968 0 P 0
L -2.1485433 1.8629134 -2.0914567 1.8629134 0 P 0
L -2.1485433 1.8629134 -2.1485433 1.9770866 0 P 0
L -2.1485433 1.9770866 -2.0914567 1.9770866 0 P 0
L -2.16 2.040315 -2.16 2.079685 0 P 0
L -2.16 2.220315 -2.16 2.2596851 0 P 0
L -2.1714567 1.8629134 -2.1714567 1.9770866 0 P 0
L -2.1770866 -0.0014567 -2.0629134 -0.0014567 0 P 0
L -2.1770866 -0.0585433 -2.0629134 -0.0585433 0 P 0
L -2.1770866 -0.0585433 -2.1770866 -0.0014567 0 P 0
L -2.1770866 0.0014567 -2.0629134 0.0014567 0 P 0
L -2.1770866 0.0014567 -2.1770866 0.0585433 0 P 0
L -2.1770866 0.0585433 -2.0629134 0.0585433 0 P 0
L -2.179685 2.24 -2.1403149 2.24 0 P 0
L -2.1796851 2.06 -2.140315 2.06 0 P 0
L -2.1948049 0.2130613 -2.0451969 0.2130613 0 P 0
L -2.1948049 0.2130613 -2.1948049 0.3469259 0 P 0
L -2.1948049 0.3469259 -2.0451969 0.3469259 0 P 0
L -2.2 -0.949685 -2.2 -0.910315 0 P 0
L -2.2 1.9012992 -2.2 1.9387008 0 P 0
L -2.2026772 0.0611024 -2.0373228 0.0611024 0 P 0
L -2.2026772 0.0611024 -2.2026772 0.2166142 0 P 0
L -2.2026772 0.2166142 -2.0373228 0.2166142 0 P 0
L -2.2033071 2.1533859 -2.1166929 2.1533859 0 P 0
L -2.2033071 2.1533859 -2.2033071 2.3266142 0 P 0
L -2.2033071 2.3266142 -2.1166929 2.3266142 0 P 0
L -2.2137008 -0.0149606 -2.2137008 0.1149606 0 P 0
L -2.2137008 0.2150394 -2.2137008 0.3449606 0 P 0
L -2.2187008 1.92 -2.1812992 1.92 0 P 0
L -2.2196851 -0.93 -2.180315 -0.93 0 P 0
L -2.2285433 1.8629134 -2.1714567 1.8629134 0 P 0
L -2.2285433 1.8629134 -2.2285433 1.9770866 0 P 0
L -2.2285433 1.9770866 -2.1714567 1.9770866 0 P 0
L -2.2288977 1.9842126 -2.0911024 1.9842126 0 P 0
L -2.2288977 1.9842126 -2.2288977 2.1357874 0 P 0
L -2.2288977 2.1357874 -2.0911024 2.1357874 0 P 0
L -2.2614173 0.4663386 -2.2614173 0.6336615 0 P 0
L -2.2791339 0.4004724 -2.2791339 0.4595275 0 P 0
L -2.2791339 0.6404724 -2.2791339 0.6995275 0 P 0
L -2.2791339 0.7104724 -2.2791339 0.7695275 0 P 0
L -2.3062992 -0.8650394 -2.0937008 -0.8650394 0 P 0
L -2.3062992 -0.9949606 -2.0937008 -0.9949606 0 P 0
L -2.3062992 -0.9949606 -2.3062992 -0.8650394 0 P 0
L -2.32 0.030315 -2.32 0.069685 0 P 0
L -2.32 0.260315 -2.32 0.299685 0 P 0
L -2.3396851 0.05 -2.300315 0.05 0 P 0
L -2.3396851 0.28 -2.300315 0.28 0 P 0
L -2.35 0.4112992 -2.35 0.4487007 0 P 0
L -2.35 0.530315 -2.35 0.5696851 1 P 0
L -2.35 0.6512992 -2.35 0.6887007 0 P 0
L -2.35 0.7212992 -2.35 0.7587007 0 P 0
L -2.3687008 0.43 -2.3312993 0.43 0 P 0
L -2.3687008 0.67 -2.3312993 0.67 0 P 0
L -2.3687008 0.74 -2.3312993 0.74 0 P 0
L -2.369685 0.55 -2.3303149 0.55 1 P 0
L -2.4208661 0.4004724 -2.2791339 0.4004724 0 P 0
L -2.4208661 0.4004724 -2.4208661 0.4595275 0 P 0
L -2.4208661 0.4595275 -2.2791339 0.4595275 0 P 0
L -2.4208661 0.4663386 -2.2614173 0.4663386 0 P 0
L -2.4208661 0.4663386 -2.4208661 0.6336615 0 P 0
L -2.4208661 0.6336615 -2.2614173 0.6336615 0 P 0
L -2.4208661 0.6404724 -2.2791339 0.6404724 0 P 0
L -2.4208661 0.6404724 -2.4208661 0.6995275 0 P 0
L -2.4208661 0.6995275 -2.2791339 0.6995275 0 P 0
L -2.4208661 0.7104724 -2.2791339 0.7104724 0 P 0
L -2.4208661 0.7104724 -2.4208661 0.7695275 0 P 0
L -2.4208661 0.7695275 -2.2791339 0.7695275 0 P 0
L -2.4262992 -0.0149606 -2.2137008 -0.0149606 0 P 0
L -2.4262992 -0.0149606 -2.4262992 0.1149606 0 P 0
L -2.4262992 0.1149606 -2.2137008 0.1149606 0 P 0
L -2.4262992 0.2150394 -2.2137008 0.2150394 0 P 0
L -2.4262992 0.2150394 -2.4262992 0.3449606 0 P 0
L -2.4262992 0.3449606 -2.2137008 0.3449606 0 P 0
L -2.4414567 0.6429134 -2.4414567 0.7570866 0 P 0
L -2.47 0.6812992 -2.47 0.7187008 0 P 0
L -2.4887008 0.7 -2.4512992 0.7 0 P 0
L -2.4985433 0.6429134 -2.4414567 0.6429134 0 P 0
L -2.4985433 0.6429134 -2.4985433 0.7570866 0 P 0
L -2.4985433 0.7570866 -2.4414567 0.7570866 0 P 0
L 0.0190551 0.2101378 0.0190551 0.35187 0 P 0
L 0.0190551 0.2101378 0.0781102 0.2101378 0 P 0
L 0.0190551 0.35187 0.0781102 0.35187 0 P 0
L 0.0190552 -0.9101378 0.0781103 -0.9101378 0 P 0
L 0.0190552 -1.05187 0.0190552 -0.9101378 0 P 0
L 0.0190552 -1.05187 0.0781103 -1.05187 0 P 0
L 0.0298819 0.2810039 0.0672834 0.2810039 0 P 0
L 0.029882 -0.9810039 0.0672835 -0.9810039 0 P 0
L 0.0311024 -2.0742126 0.1688977 -2.0742126 0 P 0
L 0.0311024 -2.2257874 0.0311024 -2.0742126 0 P 0
L 0.0311024 -2.2257874 0.1688977 -2.2257874 0 P 0
L 0.0311024 -2.2942126 0.1688977 -2.2942126 0 P 0
L 0.0311024 -2.4457874 0.0311024 -2.2942126 0 P 0
L 0.0311024 -2.4457874 0.1688977 -2.4457874 0 P 0
L 0.0312992 -1.63 0.0687008 -1.63 0 P 0
L 0.0429134 -2.2314567 0.1570866 -2.2314567 0 P 0
L 0.0429134 -2.2885433 0.0429134 -2.2314567 0 P 0
L 0.0429134 -2.2885433 0.1570866 -2.2885433 0 P 0
L 0.0485827 -0.9997047 0.0485827 -0.9623032 0 P 0
L 0.0485827 0.2623032 0.0485827 0.2997047 0 P 0
L 0.05 -1.6487008 0.05 -1.6112992 0 P 0
L 0.0781102 0.2101378 0.0781102 0.35187 0 P 0
L 0.0781103 -1.05187 0.0781103 -0.9101378 0 P 0
L 0.080315 -2.15 0.1196851 -2.15 0 P 0
L 0.080315 -2.37 0.1196851 -2.37 0 P 0
L 0.0812992 -2.26 0.1187008 -2.26 0 P 0
L 0.0991339 -1.8604724 0.2408661 -1.8604724 0 P 0
L 0.0991339 -1.9195275 0.0991339 -1.8604724 0 P 0
L 0.0991339 -1.9195275 0.2408661 -1.9195275 0 P 0
L 0.0991339 -1.9404724 0.2408661 -1.9404724 0 P 0
L 0.0991339 -1.9995275 0.0991339 -1.9404724 0 P 0
L 0.0991339 -1.9995275 0.2408661 -1.9995275 0 P 0
L 0.1 -2.169685 0.1 -2.130315 0 P 0
L 0.1 -2.2787008 0.1 -2.2412992 0 P 0
L 0.1 -2.389685 0.1 -2.350315 0 P 0
L 0.1002363 -2.0025591 0.1002363 -1.697441 0 P 0
L 0.1070866 -1.6585433 0.1070866 -1.6014567 0 P 0
L 0.1114567 -1.7129134 0.1685433 -1.7129134 0 P 0
L 0.1114567 -1.8270866 0.1114567 -1.7129134 0 P 0
L 0.1114567 -1.8270866 0.1685433 -1.8270866 0 P 0
L 0.1212992 -1.77 0.1587008 -1.77 0 P 0
L 0.14 -1.7887008 0.14 -1.7512992 0 P 0
L 0.1512993 -1.89 0.1887008 -1.89 0 P 0
L 0.1512993 -1.97 0.1887008 -1.97 0 P 0
L 0.1570866 -2.2885433 0.1570866 -2.2314567 0 P 0
L 0.1685433 -1.8270866 0.1685433 -1.7129134 0 P 0
L 0.1688977 -2.2257874 0.1688977 -2.0742126 0 P 0
L 0.1688977 -2.4457874 0.1688977 -2.2942126 0 P 0
L 0.17 -1.9087007 0.17 -1.8712992 0 P 0
L 0.17 -1.9887007 0.17 -1.9512992 0 P 0
L 0.1711024 -1.7042126 0.3088977 -1.7042126 0 P 0
L 0.1711024 -1.8557874 0.1711024 -1.7042126 0 P 0
L 0.1711024 -1.8557874 0.3088977 -1.8557874 0 P 0
L 0.1711024 -2.0742126 0.3088977 -2.0742126 0 P 0
L 0.1711024 -2.2257874 0.1711024 -2.0742126 0 P 0
L 0.1711024 -2.2257874 0.3088977 -2.2257874 0 P 0
L 0.1829134 -2.0114567 0.2970866 -2.0114567 0 P 0
L 0.1829134 -2.0685433 0.1829134 -2.0114567 0 P 0
L 0.1829134 -2.0685433 0.2970866 -2.0685433 0 P 0
L 0.1829134 -2.2314567 0.2970866 -2.2314567 0 P 0
L 0.1829134 -2.2885433 0.1829134 -2.2314567 0 P 0
L 0.1829134 -2.2885433 0.2970866 -2.2885433 0 P 0
L 0.220315 -1.78 0.2596851 -1.78 0 P 0
L 0.220315 -2.15 0.2596851 -2.15 0 P 0
L 0.2212992 -2.04 0.2587008 -2.04 0 P 0
L 0.2212992 -2.26 0.2587008 -2.26 0 P 0
L 0.24 -1.799685 0.24 -1.760315 0 P 0
L 0.24 -2.0587008 0.24 -2.0212992 0 P 0
L 0.24 -2.169685 0.24 -2.130315 0 P 0
L 0.24 -2.2787008 0.24 -2.2412992 0 P 0
L 0.2408661 -1.9195275 0.2408661 -1.8604724 0 P 0
L 0.2408661 -1.9995275 0.2408661 -1.9404724 0 P 0
L 0.2749606 0.2091339 0.2749606 0.3508661 0 P 0
L 0.2749606 0.2091339 0.3340157 0.2091339 0 P 0
L 0.2749606 0.3508661 0.3340157 0.3508661 0 P 0
L 0.2749607 -0.9101378 0.3340158 -0.9101378 0 P 0
L 0.2749607 -1.05187 0.2749607 -0.9101378 0 P 0
L 0.2749607 -1.05187 0.3340158 -1.05187 0 P 0
L 0.2857874 0.28 0.3231889 0.28 0 P 0
L 0.2857875 -0.9810039 0.323189 -0.9810039 0 P 0
L 0.2970866 -2.0685433 0.2970866 -2.0114567 0 P 0
L 0.2970866 -2.2885433 0.2970866 -2.2314567 0 P 0
L 0.3044882 -0.9997047 0.3044882 -0.9623032 0 P 0
L 0.3044882 0.2612993 0.3044882 0.2987008 0 P 0
L 0.3088977 -1.8557874 0.3088977 -1.7042126 0 P 0
L 0.3088977 -2.2257874 0.3088977 -2.0742126 0 P 0
L 0.3340157 0.2091339 0.3340157 0.3508661 0 P 0
L 0.3340158 -1.05187 0.3340158 -0.9101378 0 P 0
L 0.4137761 -1.6877761 0.8862205 -1.6877761 0 P 0
L 0.4137761 -2.1602205 0.4137761 -1.6877761 0 P 0
L 0.4137761 -2.1602205 0.8862205 -2.1602205 0 P 0
L 0.4942126 -2.2011024 0.6457874 -2.2011024 0 P 0
L 0.4942126 -2.3388977 0.4942126 -2.2011024 0 P 0
L 0.4942126 -2.3388977 0.6457874 -2.3388977 0 P 0
L 0.4974016 -0.8874016 0.4974016 0.1874016 0 P 0
L 0.5201378 -0.0350393 0.5201378 0.0240158 0 P 0
L 0.5201378 -0.0350393 0.66187 -0.0350393 0 P 0
L 0.5201378 -0.0547244 0.66187 -0.0547244 0 P 0
L 0.5201378 -0.1137795 0.5201378 -0.0547244 0 P 0
L 0.5201378 -0.1137795 0.66187 -0.1137795 0 P 0
L 0.5201378 -0.3306299 0.66187 -0.3306299 0 P 0
L 0.5201378 -0.389685 0.5201378 -0.3306299 0 P 0
L 0.5201378 -0.389685 0.66187 -0.389685 0 P 0
L 0.5201378 -0.4581102 0.66187 -0.4581102 0 P 0
L 0.5201378 -0.5171653 0.5201378 -0.4581102 0 P 0
L 0.5201378 -0.5171653 0.66187 -0.5171653 0 P 0
L 0.5201378 -0.6652755 0.66187 -0.6652755 0 P 0
L 0.5201378 -0.7243306 0.5201378 -0.6652755 0 P 0
L 0.5201378 -0.7243306 0.66187 -0.7243306 0 P 0
L 0.5201378 0.0240158 0.66187 0.0240158 0 P 0
L 0.550315 -2.27 0.589685 -2.27 0 P 0
L 0.5625968 -0.5284635 0.6374016 -0.5284635 0 P 0
L 0.5625968 -0.6524803 0.5625968 -0.5284635 0 P 0
L 0.5625968 -0.6524803 0.6374016 -0.6524803 0 P 0
L 0.5638976 -0.1638174 0.6761035 -0.1638174 0 P 0
L 0.5638976 -0.2602755 0.5638976 -0.1638174 0 P 0
L 0.5638976 -0.2602755 0.6761035 -0.2602755 0 P 0
L 0.57 -2.2896851 0.57 -2.250315 0 P 0
L 0.5723032 -0.0055118 0.6097047 -0.0055118 0 P 0
L 0.5723032 -0.084252 0.6097047 -0.084252 0 P 0
L 0.5723032 -0.3601575 0.6097047 -0.3601575 0 P 0
L 0.5723032 -0.4876378 0.6097047 -0.4876378 0 P 0
L 0.5723032 -0.6948031 0.6097047 -0.6948031 0 P 0
L 0.5812992 -0.5904724 0.6187008 -0.5904724 0 P 0
L 0.5910039 -0.0242125 0.5910039 0.013189 0 P 0
L 0.5910039 -0.1029527 0.5910039 -0.0655512 0 P 0
L 0.5910039 -0.3788582 0.5910039 -0.3414567 0 P 0
L 0.5910039 -0.5063385 0.5910039 -0.468937 0 P 0
L 0.5910039 -0.7135038 0.5910039 -0.6761023 0 P 0
L 0.6 -0.6091732 0.6 -0.5717716 0 P 0
L 0.6012992 -0.2120472 0.6387008 -0.2120472 0 P 0
L 0.62 -0.230748 0.62 -0.1933464 0 P 0
L 0.6303149 -1.924 0.669685 -1.924 0 P 0
L 0.6374016 -0.6524803 0.6374016 -0.5284635 0 P 0
L 0.6457874 -2.3388977 0.6457874 -2.2011024 0 P 0
L 0.6491339 -0.5309448 0.7908661 -0.5309448 0 P 0
L 0.6491339 -0.5899999 0.6491339 -0.5309448 0 P 0
L 0.6491339 -0.5899999 0.7908661 -0.5899999 0 P 0
L 0.6491339 -0.59 0.7908661 -0.59 0 P 0
L 0.6491339 -0.6490551 0.6491339 -0.59 0 P 0
L 0.6491339 -0.6490551 0.7908661 -0.6490551 0 P 0
L 0.65 -1.9436851 0.65 -1.904315 0 P 0
L 0.6542126 -2.2011024 0.8057874 -2.2011024 0 P 0
L 0.6542126 -2.3388977 0.6542126 -2.2011024 0 P 0
L 0.6542126 -2.3388977 0.8057874 -2.3388977 0 P 0
L 0.66187 -0.0350393 0.66187 0.0240158 0 P 0
L 0.66187 -0.1137795 0.66187 -0.0547244 0 P 0
L 0.66187 -0.389685 0.66187 -0.3306299 0 P 0
L 0.66187 -0.5171653 0.66187 -0.4581102 0 P 0
L 0.66187 -0.7243306 0.66187 -0.6652755 0 P 0
L 0.6761035 -0.2602755 0.6761035 -0.1638174 0 P 0
L 0.6991339 -0.1504724 0.8408661 -0.1504724 0 P 0
L 0.6991339 -0.2095275 0.6991339 -0.1504724 0 P 0
L 0.6991339 -0.2095275 0.8408661 -0.2095275 0 P 0
L 0.6991339 -0.2104724 0.8408661 -0.2104724 0 P 0
L 0.6991339 -0.2695275 0.6991339 -0.2104724 0 P 0
L 0.6991339 -0.2695275 0.8408661 -0.2695275 0 P 0
L 0.7012993 -0.5604724 0.7387008 -0.5604724 0 P 0
L 0.7012993 -0.6195276 0.7387008 -0.6195276 0 P 0
L 0.710315 -2.27 0.749685 -2.27 0 P 0
L 0.72 -0.5791731 0.72 -0.5417716 0 P 0
L 0.72 -0.6382283 0.72 -0.6008268 0 P 0
L 0.73 -2.2896851 0.73 -2.250315 0 P 0
L 0.7512993 -0.18 0.7887008 -0.18 0 P 0
L 0.7512993 -0.24 0.7887008 -0.24 0 P 0
L 0.77 -0.1987007 0.77 -0.1612992 0 P 0
L 0.77 -0.2587007 0.77 -0.2212992 0 P 0
L 0.7908661 -0.5899999 0.7908661 -0.5309448 0 P 0
L 0.7908661 -0.6490551 0.7908661 -0.59 0 P 0
L 0.8057874 -2.3388977 0.8057874 -2.2011024 0 P 0
L 0.8129134 -2.2014567 0.9270866 -2.2014567 0 P 0
L 0.8129134 -2.2585433 0.8129134 -2.2014567 0 P 0
L 0.8129134 -2.2585433 0.9270866 -2.2585433 0 P 0
L 0.8129134 -2.2814567 0.9270866 -2.2814567 0 P 0
L 0.8129134 -2.3385433 0.8129134 -2.2814567 0 P 0
L 0.8129134 -2.3385433 0.9270866 -2.3385433 0 P 0
L 0.8408661 -0.2095275 0.8408661 -0.1504724 0 P 0
L 0.8408661 -0.2695275 0.8408661 -0.2104724 0 P 0
L 0.8512992 -2.23 0.8887008 -2.23 0 P 0
L 0.8512992 -2.31 0.8887008 -2.31 0 P 0
L 0.8627126 -1.5978898 1.2642874 -1.5978898 0 P 0
L 0.8627126 -1.8498583 0.8627126 -1.5978898 0 P 0
L 0.8627126 -1.8498583 1.2642874 -1.8498583 0 P 0
L 0.87 -2.2487008 0.87 -2.2112992 0 P 0
L 0.87 -2.3287008 0.87 -2.2912992 0 P 0
L 0.8862205 -2.1602205 0.8862205 -1.6877761 0 P 0
L 0.9091339 -1.8704725 1.0508661 -1.8704725 0 P 0
L 0.9091339 -1.9295276 0.9091339 -1.8704725 0 P 0
L 0.9091339 -1.9295276 1.0508661 -1.9295276 0 P 0
L 0.9091339 -1.9304725 1.0508661 -1.9304725 0 P 0
L 0.9091339 -1.9895276 0.9091339 -1.9304725 0 P 0
L 0.9091339 -1.9895276 1.0508661 -1.9895276 0 P 0
L 0.9270866 -2.2585433 0.9270866 -2.2014567 0 P 0
L 0.9270866 -2.3385433 0.9270866 -2.2814567 0 P 0
L 0.9612992 -1.9 0.9987007 -1.9 0 P 0
L 0.9612992 -1.96 0.9987007 -1.96 0 P 0
L 0.98 -1.9187008 0.98 -1.8812993 0 P 0
L 0.98 -1.9787008 0.98 -1.9412993 0 P 0
L 1.043815 -1.716 1.083185 -1.716 0 P 0
L 1.0508661 -1.9295276 1.0508661 -1.8704725 0 P 0
L 1.0508661 -1.9895276 1.0508661 -1.9304725 0 P 0
L 1.0514567 -1.8729134 1.1085433 -1.8729134 0 P 0
L 1.0514567 -1.9870866 1.0514567 -1.8729134 0 P 0
L 1.0514567 -1.9870866 1.1085433 -1.9870866 0 P 0
L 1.0612992 -1.93 1.0987008 -1.93 0 P 0
L 1.0635 -1.735685 1.0635 -1.696315 0 P 0
L 1.08 -1.9487008 1.08 -1.9112992 0 P 0
L 1.1085433 -1.9870866 1.1085433 -1.8729134 0 P 0
L 1.1114567 -1.8729134 1.1685433 -1.8729134 0 P 0
L 1.1114567 -1.9870866 1.1114567 -1.8729134 0 P 0
L 1.1114567 -1.9870866 1.1685433 -1.9870866 0 P 0
L 1.1212992 -1.93 1.1587008 -1.93 0 P 0
L 1.14 -1.9487008 1.14 -1.9112992 0 P 0
L 1.1685433 -1.9870866 1.1685433 -1.8729134 0 P 0
L 1.1714567 -1.8729134 1.2285433 -1.8729134 0 P 0
L 1.1714567 -1.9870866 1.1714567 -1.8729134 0 P 0
L 1.1714567 -1.9870866 1.2285433 -1.9870866 0 P 0
L 1.1812992 -1.93 1.2187008 -1.93 0 P 0
L 1.2 -1.9487008 1.2 -1.9112992 0 P 0
L 1.2285433 -1.9870866 1.2285433 -1.8729134 0 P 0
L 1.2492126 1.2401574 1.2492126 1.7598425 0 P 0
L 1.2492126 1.2401574 2.1507874 1.2401574 0 P 0
L 1.2492126 1.7598425 2.1507874 1.7598425 0 P 0
L 1.2504725 1.0791339 1.2504725 1.2208661 0 P 0
L 1.2504725 1.0791339 1.3095276 1.0791339 0 P 0
L 1.2504725 1.2208661 1.3095276 1.2208661 0 P 0
L 1.2612993 1.15 1.2987008 1.15 0 P 0
L 1.2642874 -1.8498583 1.2642874 -1.5978898 0 P 0
L 1.28 1.1312992 1.28 1.1687007 0 P 0
L 1.3095276 1.0791339 1.3095276 1.2208661 0 P 0
L 1.3304725 1.0791339 1.3304725 1.2208661 0 P 0
L 1.3304725 1.0791339 1.3895276 1.0791339 0 P 0
L 1.3304725 1.2208661 1.3895276 1.2208661 0 P 0
L 1.3412993 1.15 1.3787008 1.15 0 P 0
L 1.36 1.1312992 1.36 1.1687007 0 P 0
L 1.3895276 1.0791339 1.3895276 1.2208661 0 P 0
L 1.4204724 1.7791339 1.4204724 1.9208661 0 P 0
L 1.4204724 1.7791339 1.4795275 1.7791339 0 P 0
L 1.4204724 1.9208661 1.4795275 1.9208661 0 P 0
L 1.4312992 1.85 1.4687007 1.85 0 P 0
L 1.4450394 -1.0537008 1.5749606 -1.0537008 0 P 0
L 1.4450394 -1.2662992 1.4450394 -1.0537008 0 P 0
L 1.4450394 -1.2662992 1.5749606 -1.2662992 0 P 0
L 1.45 1.8312993 1.45 1.8687008 0 P 0
L 1.4504725 -1.3791339 1.5095276 -1.3791339 0 P 0
L 1.4504725 -1.5208661 1.4504725 -1.3791339 0 P 0
L 1.4504725 -1.5208661 1.5095276 -1.5208661 0 P 0
L 1.4612993 -1.45 1.4987008 -1.45 0 P 0
L 1.4795275 1.7791339 1.4795275 1.9208661 0 P 0
L 1.48 -1.4687008 1.48 -1.4312993 0 P 0
L 1.490315 -1.16 1.529685 -1.16 0 P 0
L 1.5095276 -1.5208661 1.5095276 -1.3791339 0 P 0
L 1.51 -1.179685 1.51 -1.1403149 0 P 0
L 1.5104725 1.0791339 1.5104725 1.2208661 0 P 0
L 1.5104725 1.0791339 1.5695276 1.0791339 0 P 0
L 1.5104725 1.2208661 1.5695276 1.2208661 0 P 0
L 1.5137008 0.8850394 1.5137008 1.0149606 0 P 0
L 1.5137008 0.8850394 1.7262992 0.8850394 0 P 0
L 1.5137008 1.0149606 1.7262992 1.0149606 0 P 0
L 1.5212993 1.15 1.5587008 1.15 0 P 0
L 1.5229134 -1.2714567 1.6370866 -1.2714567 0 P 0
L 1.5229134 -1.3285433 1.5229134 -1.2714567 0 P 0
L 1.5229134 -1.3285433 1.6370866 -1.3285433 0 P 0
L 1.5229134 -1.3314567 1.6370866 -1.3314567 0 P 0
L 1.5229134 -1.3885433 1.5229134 -1.3314567 0 P 0
L 1.5229134 -1.3885433 1.6370866 -1.3885433 0 P 0
L 1.5229134 -1.5114567 1.6370866 -1.5114567 0 P 0
L 1.5229134 -1.5685433 1.5229134 -1.5114567 0 P 0
L 1.5229134 -1.5685433 1.6370866 -1.5685433 0 P 0
L 1.5229134 -1.5714567 1.6370866 -1.5714567 0 P 0
L 1.5229134 -1.6285433 1.5229134 -1.5714567 0 P 0
L 1.5229134 -1.6285433 1.6370866 -1.6285433 0 P 0
L 1.5288189 -1.4066929 1.6311811 -1.4066929 0 P 0
L 1.5288189 -1.4933071 1.5288189 -1.4066929 0 P 0
L 1.5288189 -1.4933071 1.6311811 -1.4933071 0 P 0
L 1.54 1.1312992 1.54 1.1687007 0 P 0
L 1.5612992 -1.3 1.5987008 -1.3 0 P 0
L 1.5612992 -1.36 1.5987008 -1.36 0 P 0
L 1.5612992 -1.45 1.5987008 -1.45 0 P 0
L 1.5612992 -1.54 1.5987008 -1.54 0 P 0
L 1.5612992 -1.6 1.5987008 -1.6 0 P 0
L 1.5695276 1.0791339 1.5695276 1.2208661 0 P 0
L 1.5749606 -1.2662992 1.5749606 -1.0537008 0 P 0
L 1.58 -1.3187008 1.58 -1.2812992 0 P 0
L 1.58 -1.3787008 1.58 -1.3412992 0 P 0
L 1.58 -1.4687008 1.58 -1.4312992 0 P 0
L 1.58 -1.5587008 1.58 -1.5212992 0 P 0
L 1.58 -1.6187008 1.58 -1.5812992 0 P 0
L 1.5804724 -1.1191339 1.6395275 -1.1191339 0 P 0
L 1.5804724 -1.2608661 1.5804724 -1.1191339 0 P 0
L 1.5804724 -1.2608661 1.6395275 -1.2608661 0 P 0
L 1.5912992 -1.19 1.6287007 -1.19 0 P 0
L 1.600315 0.95 1.6396851 0.95 0 P 0
L 1.61 -1.2087007 1.61 -1.1712992 0 P 0
L 1.6104724 1.7791339 1.6104724 1.9208661 0 P 0
L 1.6104724 1.7791339 1.6695275 1.7791339 0 P 0
L 1.6104724 1.9208661 1.6695275 1.9208661 0 P 0
L 1.62 0.930315 1.62 0.969685 0 P 0
L 1.6212992 1.85 1.6587007 1.85 0 P 0
L 1.6311811 -1.4933071 1.6311811 -1.4066929 0 P 0
L 1.6370866 -1.3285433 1.6370866 -1.2714567 0 P 0
L 1.6370866 -1.3885433 1.6370866 -1.3314567 0 P 0
L 1.6370866 -1.5685433 1.6370866 -1.5114567 0 P 0
L 1.6370866 -1.6285433 1.6370866 -1.5714567 0 P 0
L 1.6395275 -1.2608661 1.6395275 -1.1191339 0 P 0
L 1.64 1.8312993 1.64 1.8687008 0 P 0
L 1.6695275 1.7791339 1.6695275 1.9208661 0 P 0
L 1.6704725 1.0791339 1.6704725 1.2208661 0 P 0
L 1.6704725 1.0791339 1.7295276 1.0791339 0 P 0
L 1.6704725 1.2208661 1.7295276 1.2208661 0 P 0
L 1.680315 1.5 1.7196851 1.5 0 P 0
L 1.6812993 1.15 1.7187008 1.15 0 P 0
L 1.6839843 -0.9653503 2.6190276 -0.9653503 0 P 0
L 1.6839843 -1.6346457 1.6839843 -0.9653503 0 P 0
L 1.6839843 -1.6346457 2.6190276 -1.6346457 0 P 0
L 1.7 1.1312992 1.7 1.1687007 0 P 0
L 1.7 1.4803149 1.7 1.519685 0 P 0
L 1.7114567 -1.6729134 1.7685433 -1.6729134 0 P 0
L 1.7114567 -1.7870866 1.7114567 -1.6729134 0 P 0
L 1.7114567 -1.7870866 1.7685433 -1.7870866 0 P 0
L 1.7212992 -1.73 1.7587008 -1.73 0 P 0
L 1.7262992 0.8850394 1.7262992 1.0149606 0 P 0
L 1.7295276 1.0791339 1.7295276 1.2208661 0 P 0
L 1.74 -1.7487008 1.74 -1.7112992 0 P 0
L 1.7541339 -0.8004725 1.8958661 -0.8004725 0 P 0
L 1.7541339 -0.8595276 1.7541339 -0.8004725 0 P 0
L 1.7541339 -0.8595276 1.8958661 -0.8595276 0 P 0
L 1.7541339 -0.8704725 1.8958661 -0.8704725 0 P 0
L 1.7541339 -0.9295276 1.7541339 -0.8704725 0 P 0
L 1.7541339 -0.9295276 1.8958661 -0.9295276 0 P 0
L 1.7685433 -1.7870866 1.7685433 -1.6729134 0 P 0
L 1.7734567 -1.6729134 1.8305433 -1.6729134 0 P 0
L 1.7734567 -1.7870866 1.7734567 -1.6729134 0 P 0
L 1.7734567 -1.7870866 1.8305433 -1.7870866 0 P 0
L 1.7832992 -1.73 1.8207008 -1.73 0 P 0
L 1.802 -1.7487008 1.802 -1.7112992 0 P 0
L 1.8062992 -0.83 1.8437007 -0.83 0 P 0
L 1.8062992 -0.9 1.8437007 -0.9 0 P 0
L 1.825 -0.8487008 1.825 -0.8112993 0 P 0
L 1.825 -0.9187008 1.825 -0.8812993 0 P 0
L 1.8305433 -1.7870866 1.8305433 -1.6729134 0 P 0
L 1.8334567 -1.6729134 1.8905433 -1.6729134 0 P 0
L 1.8334567 -1.7870866 1.8334567 -1.6729134 0 P 0
L 1.8334567 -1.7870866 1.8905433 -1.7870866 0 P 0
L 1.8432992 -1.73 1.8807008 -1.73 0 P 0
L 1.862 -1.7487008 1.862 -1.7112992 0 P 0
L 1.8905433 -1.7870866 1.8905433 -1.6729134 0 P 0
L 1.8958661 -0.8595276 1.8958661 -0.8004725 0 P 0
L 1.8958661 -0.9295276 1.8958661 -0.8704725 0 P 0
L 1.9204725 -0.1791339 1.9795276 -0.1791339 0 P 0
L 1.9204725 -0.3208661 1.9204725 -0.1791339 0 P 0
L 1.9204725 -0.3208661 1.9795276 -0.3208661 0 P 0
L 1.9204725 0.1491339 1.9204725 0.2908661 0 P 0
L 1.9204725 0.1491339 1.9795276 0.1491339 0 P 0
L 1.9204725 0.2908661 1.9795276 0.2908661 0 P 0
L 1.9312993 -0.25 1.9687008 -0.25 0 P 0
L 1.9312993 0.22 1.9687008 0.22 0 P 0
L 1.95 -0.2687008 1.95 -0.2312993 0 P 0
L 1.95 0.2012992 1.95 0.2387007 0 P 0
L 1.9564567 -0.8129134 2.0135433 -0.8129134 0 P 0
L 1.9564567 -0.9270866 1.9564567 -0.8129134 0 P 0
L 1.9564567 -0.9270866 2.0135433 -0.9270866 0 P 0
L 1.9662992 -0.87 2.0037008 -0.87 0 P 0
L 1.9795276 -0.3208661 1.9795276 -0.1791339 0 P 0
L 1.9795276 0.1491339 1.9795276 0.2908661 0 P 0
L 1.985 -0.8887008 1.985 -0.8512992 0 P 0
L 1.9904725 -0.1791339 2.0495276 -0.1791339 0 P 0
L 1.9904725 -0.3208661 1.9904725 -0.1791339 0 P 0
L 1.9904725 -0.3208661 2.0495276 -0.3208661 0 P 0
L 1.9904725 0.1491339 1.9904725 0.2908661 0 P 0
L 1.9904725 0.1491339 2.0495276 0.1491339 0 P 0
L 1.9904725 0.2908661 2.0495276 0.2908661 0 P 0
L 1.9914567 -0.0229134 2.0485433 -0.0229134 0 P 0
L 1.9914567 -0.1370866 1.9914567 -0.0229134 0 P 0
L 1.9914567 -0.1370866 2.0485433 -0.1370866 0 P 0
L 1.9914567 0.3329134 1.9914567 0.4470866 0 P 0
L 1.9914567 0.3329134 2.0485433 0.3329134 0 P 0
L 1.9914567 0.4470866 2.0485433 0.4470866 0 P 0
L 2.0012992 -0.08 2.0387008 -0.08 0 P 0
L 2.0012992 0.39 2.0387008 0.39 0 P 0
L 2.0012993 -0.25 2.0387008 -0.25 0 P 0
L 2.0012993 0.22 2.0387008 0.22 0 P 0
L 2.0135433 -0.9270866 2.0135433 -0.8129134 0 P 0
L 2.0164567 -0.8129134 2.0735433 -0.8129134 0 P 0
L 2.0164567 -0.9270866 2.0164567 -0.8129134 0 P 0
L 2.0164567 -0.9270866 2.0735433 -0.9270866 0 P 0
L 2.02 -0.0987008 2.02 -0.0612992 0 P 0
L 2.02 -0.2687008 2.02 -0.2312993 0 P 0
L 2.02 0.2012992 2.02 0.2387007 0 P 0
L 2.02 0.3712992 2.02 0.4087008 0 P 0
L 2.0262992 -0.87 2.0637008 -0.87 0 P 0
L 2.038315 -1.3 2.077685 -1.3 0 P 0
L 2.045 -0.8887008 2.045 -0.8512992 0 P 0
L 2.0485433 -0.1370866 2.0485433 -0.0229134 0 P 0
L 2.0485433 0.3329134 2.0485433 0.4470866 0 P 0
L 2.0495276 -0.3208661 2.0495276 -0.1791339 0 P 0
L 2.0495276 0.1491339 2.0495276 0.2908661 0 P 0
L 2.058 -1.319685 2.058 -1.280315 0 P 0
L 2.0643307 -0.0317323 2.3556693 -0.0317323 0 P 0
L 2.0643307 -0.2620472 2.0643307 -0.0317323 0 P 0
L 2.0643307 -0.2620472 2.3556693 -0.2620472 0 P 0
L 2.0643307 0.2079528 2.0643307 0.4382677 0 P 0
L 2.0643307 0.2079528 2.3556693 0.2079528 0 P 0
L 2.0643307 0.4382677 2.3556693 0.4382677 0 P 0
L 2.0735433 -0.9270866 2.0735433 -0.8129134 0 P 0
L 2.0764567 -0.8129134 2.1335433 -0.8129134 0 P 0
L 2.0764567 -0.9270866 2.0764567 -0.8129134 0 P 0
L 2.0764567 -0.9270866 2.1335433 -0.9270866 0 P 0
L 2.0804725 1.0791339 2.0804725 1.2208661 0 P 0
L 2.0804725 1.0791339 2.1395276 1.0791339 0 P 0
L 2.0804725 1.2208661 2.1395276 1.2208661 0 P 0
L 2.0862992 -0.87 2.1237008 -0.87 0 P 0
L 2.0912993 1.15 2.1287008 1.15 0 P 0
L 2.105 -0.8887008 2.105 -0.8512992 0 P 0
L 2.11 1.1312992 2.11 1.1687007 0 P 0
L 2.1335433 -0.9270866 2.1335433 -0.8129134 0 P 0
L 2.1364567 -0.8129134 2.1935433 -0.8129134 0 P 0
L 2.1364567 -0.9270866 2.1364567 -0.8129134 0 P 0
L 2.1364567 -0.9270866 2.1935433 -0.9270866 0 P 0
L 2.1395276 1.0791339 2.1395276 1.2208661 0 P 0
L 2.1462992 -0.87 2.1837008 -0.87 0 P 0
L 2.1507874 1.2401574 2.1507874 1.7598425 0 P 0
L 2.1589449 -1.6729134 2.2160315 -1.6729134 0 P 0
L 2.1589449 -1.7870866 2.1589449 -1.6729134 0 P 0
L 2.1589449 -1.7870866 2.2160315 -1.7870866 0 P 0
L 2.165 -0.8887008 2.165 -0.8512992 0 P 0
L 2.1687874 -1.73 2.206189 -1.73 0 P 0
L 2.1874882 -1.7487008 2.1874882 -1.7112992 0 P 0
L 2.190315 -0.14 2.2296851 -0.14 0 P 0
L 2.190315 0.33 2.2296851 0.33 0 P 0
L 2.1935433 -0.9270866 2.1935433 -0.8129134 0 P 0
L 2.21 -0.159685 2.21 -0.120315 0 P 0
L 2.21 0.310315 2.21 0.349685 0 P 0
L 2.2160315 -1.7870866 2.2160315 -1.6729134 0 P 0
L 2.3011496 -0.8129134 2.3582362 -0.8129134 0 P 0
L 2.3011496 -0.9270866 2.3011496 -0.8129134 0 P 0
L 2.3011496 -0.9270866 2.3582362 -0.9270866 0 P 0
L 2.3109921 -0.87 2.3483937 -0.87 0 P 0
L 2.3296929 -0.8887008 2.3296929 -0.8512992 0 P 0
L 2.3556693 -0.2620472 2.3556693 -0.0317323 0 P 0
L 2.3556693 0.2079528 2.3556693 0.4382677 0 P 0
L 2.3582362 -0.9270866 2.3582362 -0.8129134 0 P 0
L 2.3714567 -0.0229134 2.4285433 -0.0229134 0 P 0
L 2.3714567 -0.1370866 2.3714567 -0.0229134 0 P 0
L 2.3714567 -0.1370866 2.4285433 -0.1370866 0 P 0
L 2.3714567 -0.1929134 2.4285433 -0.1929134 0 P 0
L 2.3714567 -0.3070866 2.3714567 -0.1929134 0 P 0
L 2.3714567 -0.3070866 2.4285433 -0.3070866 0 P 0
L 2.3714567 0.1629134 2.3714567 0.2770866 0 P 0
L 2.3714567 0.1629134 2.4285433 0.1629134 0 P 0
L 2.3714567 0.2770866 2.4285433 0.2770866 0 P 0
L 2.3714567 0.3329134 2.3714567 0.4470866 0 P 0
L 2.3714567 0.3329134 2.4285433 0.3329134 0 P 0
L 2.3714567 0.4470866 2.4285433 0.4470866 0 P 0
L 2.3812992 -0.08 2.4187008 -0.08 0 P 0
L 2.3812992 -0.25 2.4187008 -0.25 0 P 0
L 2.3812992 0.22 2.4187008 0.22 0 P 0
L 2.3812992 0.39 2.4187008 0.39 0 P 0
L 2.4 -0.0987008 2.4 -0.0612992 0 P 0
L 2.4 -0.2687008 2.4 -0.2312992 0 P 0
L 2.4 0.2012992 2.4 0.2387008 0 P 0
L 2.4 0.3712992 2.4 0.4087008 0 P 0
L 2.4285433 -0.1370866 2.4285433 -0.0229134 0 P 0
L 2.4285433 -0.3070866 2.4285433 -0.1929134 0 P 0
L 2.4285433 0.1629134 2.4285433 0.2770866 0 P 0
L 2.4285433 0.3329134 2.4285433 0.4470866 0 P 0
L 2.6190276 -1.6346457 2.6190276 -0.9653503 0 P 0
