#Layer_Color=16384
#
#Feature symbol names
#
$0 r1.9685

#
#Feature attribute names
#

#
#Layer features
#
A -0.0524409 -0.08 -0.0524409 -0.08 -0.08 -0.08 0 P 0 N
A -2.3909449 0.9 -2.3909449 0.9 -2.45 0.9 0 P 0 N
A -2.3909449 1.05 -2.3909449 1.05 -2.45 1.05 0 P 0 N
A -2.3909449 1.2 -2.3909449 1.2 -2.45 1.2 0 P 0 N
A -2.3909449 1.35 -2.3909449 1.35 -2.45 1.35 0 P 0 N
A -2.3909449 1.5 -2.3909449 1.5 -2.45 1.5 0 P 0 N
A 0.0275591 -0.08 0.0275591 -0.08 0 -0.08 0 P 0 N
A 1.8917008 -1.1174607 1.8917008 -1.1174607 1.8641417 -1.1174607 0 P 0 N
A 1.8917008 -1.1874607 1.8917008 -1.1874607 1.8641417 -1.1874607 0 P 0 N
A 1.8917008 -1.2574607 1.8917008 -1.2574607 1.8641417 -1.2574607 0 P 0 N
A 1.8917008 -1.3274607 1.8917008 -1.3274607 1.8641417 -1.3274607 0 P 0 N
A 1.9617008 -1.1174607 1.9617008 -1.1174607 1.9341417 -1.1174607 0 P 0 N
A 2.0317008 -1.1174607 2.0317008 -1.1174607 2.0041417 -1.1174607 0 P 0 N
L -0.0000032 -2.4846818 -0.0000032 -2.4453118 0 P 0
L -0.01 -1.1087008 -0.01 -1.0712992 0 P 0
L -0.0156693 1.2640945 -0.0156693 1.7759055 0 P 0
L -0.0187008 -0.08 0.0187008 -0.08 0 P 0
L -0.0196851 0.38 0.019685 0.38 0 P 0
L -0.0196851 0.53 0.019685 0.53 0 P 0
L -0.0196851 0.68 0.019685 0.68 0 P 0
L -0.0196851 0.89 0.019685 0.89 0 P 0
L -0.0196851 1.03 0.019685 1.03 0 P 0
L -0.0196882 -2.4649968 0.0196818 -2.4649968 0 P 0
L -0.0287008 -1.09 0.0087008 -1.09 0 P 0
L -0.0385433 -1.0329134 0.0185433 -1.0329134 0 P 0
L -0.0385433 -1.1470866 -0.0385433 -1.0329134 0 P 0
L -0.0385433 -1.1470866 0.0185433 -1.1470866 0 P 0
L -0.04 -0.1687008 -0.04 -0.1312992 0 P 0
L -0.04 -0.2496851 -0.04 -0.210315 0 P 0
L -0.04 -0.369685 -0.04 -0.330315 0 P 0
L -0.0461023 -1.1647874 -0.0461023 -1.0132126 0 P 0
L -0.0587008 -0.15 -0.0212992 -0.15 0 P 0
L -0.0596851 -0.23 -0.020315 -0.23 0 P 0
L -0.0596851 -0.35 -0.020315 -0.35 0 P 0
L -0.08 -0.0987008 -0.08 -0.0612992 0 P 0
L -0.0970866 -0.1214567 0.0170866 -0.1214567 0 P 0
L -0.0970866 -0.1785433 -0.0970866 -0.1214567 0 P 0
L -0.0970866 -0.1785433 0.0170866 -0.1785433 0 P 0
L -0.0987008 -0.08 -0.0612992 -0.08 0 P 0
L -0.1062992 0.3150394 -0.1062992 0.4449606 0 P 0
L -0.1062992 0.3150394 0.1062992 0.3150394 0 P 0
L -0.1062992 0.4449606 0.1062992 0.4449606 0 P 0
L -0.1062992 0.4650394 -0.1062992 0.5949606 0 P 0
L -0.1062992 0.4650394 0.1062992 0.4650394 0 P 0
L -0.1062992 0.5949606 0.1062992 0.5949606 0 P 0
L -0.1062992 0.6150394 -0.1062992 0.7449606 0 P 0
L -0.1062992 0.6150394 0.1062992 0.6150394 0 P 0
L -0.1062992 0.7449606 0.1062992 0.7449606 0 P 0
L -0.1062992 0.8250394 -0.1062992 0.9549606 0 P 0
L -0.1062992 0.8250394 0.1062992 0.8250394 0 P 0
L -0.1062992 0.9549606 0.1062992 0.9549606 0 P 0
L -0.1062992 0.9650394 -0.1062992 1.0949606 0 P 0
L -0.1062992 0.9650394 0.1062992 0.9650394 0 P 0
L -0.1062992 1.0949606 0.1062992 1.0949606 0 P 0
L -0.1108661 -0.1925985 0.0308661 -0.1925985 0 P 0
L -0.1108661 -0.2674016 -0.1108661 -0.1925985 0 P 0
L -0.1108661 -0.2674016 0.0308661 -0.2674016 0 P 0
L -0.115 -1.108685 -0.115 -1.069315 0 P 0
L -0.115 -1.258685 -0.115 -1.2193149 0 P 0
L -0.115 -1.5677007 -0.115 -1.5302992 0 P 0
L -0.1337008 -1.549 -0.0962993 -1.549 0 P 0
L -0.134685 -1.089 -0.0953149 -1.089 0 P 0
L -0.1346851 -1.239 -0.095315 -1.239 0 P 0
L -0.1462992 -0.2850394 0.0662992 -0.2850394 0 P 0
L -0.1462992 -0.4149606 -0.1462992 -0.2850394 0 P 0
L -0.1462992 -0.4149606 0.0662992 -0.4149606 0 P 0
L -0.1691339 0.8154725 -0.1691339 0.8745276 0 P 0
L -0.1691339 0.9104724 -0.1691339 0.9695275 0 P 0
L -0.1691339 0.9704725 -0.1691339 1.0295276 0 P 0
L -0.1752756 0.3195276 -0.1752756 0.7604724 0 P 0
L -0.1829134 1.0414567 -0.1829134 1.0985433 0 P 0
L -0.1838976 -1.0132126 -0.0461023 -1.0132126 0 P 0
L -0.1838976 -1.1647874 -0.0461023 -1.1647874 0 P 0
L -0.1838976 -1.1647874 -0.1838976 -1.0132126 0 P 0
L -0.1914567 -1.1470866 -0.1914567 -1.0329134 0 P 0
L -0.22 -1.1087008 -0.22 -1.0712992 0 P 0
L -0.2387008 -1.09 -0.2012992 -1.09 0 P 0
L -0.24 0.8262993 -0.24 0.8637008 0 P 0
L -0.24 0.9212992 -0.24 0.9587007 0 P 0
L -0.24 0.9812993 -0.24 1.0187008 0 P 0
L -0.24 1.0512992 -0.24 1.0887008 0 P 0
L -0.2449213 -1.1701024 0.0050787 -1.1701024 0 P 0
L -0.2449213 -1.3078976 -0.2449213 -1.1701024 0 P 0
L -0.2449213 -1.3078976 0.0050787 -1.3078976 0 P 0
L -0.2485433 -1.0329134 -0.1914567 -1.0329134 0 P 0
L -0.2485433 -1.1470866 -0.1914567 -1.1470866 0 P 0
L -0.2485433 -1.1470866 -0.2485433 -1.0329134 0 P 0
L -0.2587007 0.94 -0.2212992 0.94 0 P 0
L -0.2587008 0.845 -0.2212993 0.845 0 P 0
L -0.2587008 1 -0.2212993 1 0 P 0
L -0.2587008 1.07 -0.2212992 1.07 0 P 0
L -0.2665463 -0.8894143 -0.2665463 -0.7752411 0 P 0
L -0.2803543 -1.3167165 0.0503543 -1.3167165 0 P 0
L -0.2803543 -1.7812835 -0.2803543 -1.3167165 0 P 0
L -0.2803543 -1.7812835 0.0503543 -1.7812835 0 P 0
L -0.2904725 -1.3098661 -0.2904725 -1.1681339 0 P 0
L -0.2914567 -1.1470866 -0.2914567 -1.0329134 0 P 0
L -0.2950896 -0.8510285 -0.2950896 -0.8136269 0 P 0
L -0.2970866 1.0414567 -0.1829134 1.0414567 0 P 0
L -0.2970866 1.0414567 -0.2970866 1.0985433 0 P 0
L -0.2970866 1.0985433 -0.1829134 1.0985433 0 P 0
L -0.3108661 0.8154725 -0.1691339 0.8154725 0 P 0
L -0.3108661 0.8154725 -0.3108661 0.8745276 0 P 0
L -0.3108661 0.8745276 -0.1691339 0.8745276 0 P 0
L -0.3108661 0.9104724 -0.1691339 0.9104724 0 P 0
L -0.3108661 0.9104724 -0.3108661 0.9695275 0 P 0
L -0.3108661 0.9695275 -0.1691339 0.9695275 0 P 0
L -0.3108661 0.9704725 -0.1691339 0.9704725 0 P 0
L -0.3108661 0.9704725 -0.3108661 1.0295276 0 P 0
L -0.3108661 1.0295276 -0.1691339 1.0295276 0 P 0
L -0.3137904 -0.8323277 -0.2763888 -0.8323277 0 P 0
L -0.3143307 0.7940157 -0.3143307 1.0282677 0 P 0
L -0.32 -1.1087008 -0.32 -1.0712992 0 P 0
L -0.32 -1.2577008 -0.32 -1.2202993 0 P 0
L -0.3229134 -0.3685433 -0.3229134 -0.3114567 0 P 0
L -0.3229134 -0.4285433 -0.3229134 -0.3714567 0 P 0
L -0.3236329 -0.7752411 -0.2665463 -0.7752411 0 P 0
L -0.3236329 -0.8894143 -0.2665463 -0.8894143 0 P 0
L -0.3236329 -0.8894143 -0.3236329 -0.7752411 0 P 0
L -0.3296457 -1.7812835 -0.3296457 -1.3167165 0 P 0
L -0.3329134 1.0414567 -0.3329134 1.0985433 0 P 0
L -0.3387008 -1.09 -0.3012992 -1.09 0 P 0
L -0.3387008 -1.239 -0.3012993 -1.239 0 P 0
L -0.3485433 -1.0329134 -0.2914567 -1.0329134 0 P 0
L -0.3485433 -1.1470866 -0.2914567 -1.1470866 0 P 0
L -0.3485433 -1.1470866 -0.3485433 -1.0329134 0 P 0
L -0.3495276 -1.1681339 -0.2904725 -1.1681339 0 P 0
L -0.3495276 -1.3098661 -0.2904725 -1.3098661 0 P 0
L -0.3495276 -1.3098661 -0.3495276 -1.1681339 0 P 0
L -0.3614567 -1.1470866 -0.3614567 -1.0329134 0 P 0
L -0.37 1.5012992 -0.37 1.5387007 0 P 0
L -0.3749213 -1.3078976 -0.3749213 -1.1701024 0 P 0
L -0.38 -0.3587008 -0.38 -0.3212992 0 P 0
L -0.38 -0.4187008 -0.38 -0.3812992 0 P 0
L -0.38 0.520315 -0.38 0.559685 0 P 0
L -0.3887007 1.52 -0.3512992 1.52 0 P 0
L -0.39 -1.1087008 -0.39 -1.0712992 0 P 0
L -0.39 1.0512992 -0.39 1.0887008 0 P 0
L -0.3987008 -0.34 -0.3612992 -0.34 0 P 0
L -0.3987008 -0.4 -0.3612992 -0.4 0 P 0
L -0.3996851 0.54 -0.360315 0.54 0 P 0
L -0.4015781 -2.4118472 0.4015715 -2.4118472 0 P 0
L -0.4015781 -2.5181464 -0.4015781 -2.4118472 0 P 0
L -0.4015781 -2.5181464 0.4015715 -2.5181464 0 P 0
L -0.4087008 -1.09 -0.3712992 -1.09 0 P 0
L -0.4087008 1.07 -0.3712992 1.07 0 P 0
L -0.4185433 -1.0329134 -0.3614567 -1.0329134 0 P 0
L -0.4185433 -1.1470866 -0.3614567 -1.1470866 0 P 0
L -0.4185433 -1.1470866 -0.4185433 -1.0329134 0 P 0
L -0.4261023 -1.1647874 -0.4261023 -1.0132126 0 P 0
L -0.4370866 -0.3114567 -0.3229134 -0.3114567 0 P 0
L -0.4370866 -0.3685433 -0.3229134 -0.3685433 0 P 0
L -0.4370866 -0.3685433 -0.4370866 -0.3114567 0 P 0
L -0.4370866 -0.3714567 -0.3229134 -0.3714567 0 P 0
L -0.4370866 -0.4285433 -0.3229134 -0.4285433 0 P 0
L -0.4370866 -0.4285433 -0.4370866 -0.3714567 0 P 0
L -0.4470866 1.0414567 -0.3329134 1.0414567 0 P 0
L -0.4470866 1.0414567 -0.4470866 1.0985433 0 P 0
L -0.4470866 1.0985433 -0.3329134 1.0985433 0 P 0
L -0.46 0.900315 -0.46 0.939685 0 P 0
L -0.4729134 1.0414567 -0.4729134 1.0985433 0 P 0
L -0.4764567 -0.6570866 -0.4764567 -0.5429134 0 P 0
L -0.4796851 0.92 -0.440315 0.92 0 P 0
L -0.495 -1.108685 -0.495 -1.069315 0 P 0
L -0.495 -1.258685 -0.495 -1.2193149 0 P 0
L -0.495 -1.5677007 -0.495 -1.5302992 0 P 0
L -0.505 -0.6187008 -0.505 -0.5812992 0 P 0
L -0.5137008 -1.549 -0.4762993 -1.549 0 P 0
L -0.514685 -1.089 -0.4753149 -1.089 0 P 0
L -0.5146851 -1.239 -0.475315 -1.239 0 P 0
L -0.5237008 -0.6 -0.4862992 -0.6 0 P 0
L -0.53 1.0512992 -0.53 1.0887008 0 P 0
L -0.5329134 0.1314567 -0.5329134 0.1885433 0 P 0
L -0.5335433 -0.5429134 -0.4764567 -0.5429134 0 P 0
L -0.5335433 -0.6570866 -0.4764567 -0.6570866 0 P 0
L -0.5335433 -0.6570866 -0.5335433 -0.5429134 0 P 0
L -0.5487008 1.07 -0.5112992 1.07 0 P 0
L -0.5638976 -1.0132126 -0.4261023 -1.0132126 0 P 0
L -0.5638976 -1.1647874 -0.4261023 -1.1647874 0 P 0
L -0.5638976 -1.1647874 -0.5638976 -1.0132126 0 P 0
L -0.5714567 -1.1470866 -0.5714567 -1.0329134 0 P 0
L -0.5847244 0.3195276 -0.1752756 0.3195276 0 P 0
L -0.5847244 0.3195276 -0.5847244 0.7604724 0 P 0
L -0.5847244 0.7604724 -0.1752756 0.7604724 0 P 0
L -0.5870866 1.0414567 -0.4729134 1.0414567 0 P 0
L -0.5870866 1.0414567 -0.5870866 1.0985433 0 P 0
L -0.5870866 1.0985433 -0.4729134 1.0985433 0 P 0
L -0.59 0.1412992 -0.59 0.1787008 0 P 0
L -0.6 -1.1087008 -0.6 -1.0712992 0 P 0
L -0.6037008 0.3150394 -0.6037008 0.4449606 0 P 0
L -0.6037008 0.4650394 -0.6037008 0.5949606 0 P 0
L -0.6037008 0.6150394 -0.6037008 0.7449606 0 P 0
L -0.6037008 0.8250394 -0.6037008 0.9549606 0 P 0
L -0.6037008 0.9650394 -0.6037008 1.0949606 0 P 0
L -0.6056693 0.7940157 -0.3143307 0.7940157 0 P 0
L -0.6056693 0.7940157 -0.6056693 1.0282677 0 P 0
L -0.6056693 1.0282677 -0.3143307 1.0282677 0 P 0
L -0.6087008 0.16 -0.5712992 0.16 0 P 0
L -0.6187008 -1.09 -0.5812992 -1.09 0 P 0
L -0.6249213 -1.1701024 -0.3749213 -1.1701024 0 P 0
L -0.6249213 -1.3078976 -0.3749213 -1.3078976 0 P 0
L -0.6249213 -1.3078976 -0.6249213 -1.1701024 0 P 0
L -0.6285433 -1.0329134 -0.5714567 -1.0329134 0 P 0
L -0.6285433 -1.1470866 -0.5714567 -1.1470866 0 P 0
L -0.6285433 -1.1470866 -0.6285433 -1.0329134 0 P 0
L -0.6470866 0.1314567 -0.5329134 0.1314567 0 P 0
L -0.6470866 0.1314567 -0.6470866 0.1885433 0 P 0
L -0.6470866 0.1885433 -0.5329134 0.1885433 0 P 0
L -0.6603543 -1.3167165 -0.3296457 -1.3167165 0 P 0
L -0.6603543 -1.7812835 -0.3296457 -1.7812835 0 P 0
L -0.6603543 -1.7812835 -0.6603543 -1.3167165 0 P 0
L -0.6704725 -1.3098661 -0.6704725 -1.1681339 0 P 0
L -0.6714567 -1.1470866 -0.6714567 -1.0329134 0 P 0
L -0.7 -1.1087008 -0.7 -1.0712992 0 P 0
L -0.7 -1.2577008 -0.7 -1.2202993 0 P 0
L -0.7042126 -0.1988977 -0.7042126 -0.0611024 0 P 0
L -0.7042126 -0.6788977 -0.7042126 -0.5411024 0 P 0
L -0.7096457 -1.7812835 -0.7096457 -1.3167165 0 P 0
L -0.71 0.360315 -0.71 0.399685 0 P 0
L -0.71 0.510315 -0.71 0.549685 0 P 0
L -0.71 0.660315 -0.71 0.699685 0 P 0
L -0.71 0.870315 -0.71 0.909685 0 P 0
L -0.71 1.010315 -0.71 1.049685 0 P 0
L -0.7187008 -1.09 -0.6812992 -1.09 0 P 0
L -0.7187008 -1.239 -0.6812993 -1.239 0 P 0
L -0.7214567 -0.0370866 -0.7214567 0.0770866 0 P 0
L -0.7214567 -0.3370866 -0.7214567 -0.2229134 0 P 0
L -0.7214567 -0.5170866 -0.7214567 -0.4029134 0 P 0
L -0.7214567 -0.8170866 -0.7214567 -0.7029134 0 P 0
L -0.7243307 1.2640945 -0.0156693 1.2640945 0 P 0
L -0.7243307 1.2640945 -0.7243307 1.7759055 0 P 0
L -0.7243307 1.7759055 -0.0156693 1.7759055 0 P 0
L -0.7261812 1.1345433 -0.7261812 1.2644645 0 P 0
L -0.7279528 1.3843307 -0.7279528 1.6756693 0 P 0
L -0.7285433 -1.0329134 -0.6714567 -1.0329134 0 P 0
L -0.7285433 -1.1470866 -0.6714567 -1.1470866 0 P 0
L -0.7285433 -1.1470866 -0.7285433 -1.0329134 0 P 0
L -0.7295276 -1.1681339 -0.6704725 -1.1681339 0 P 0
L -0.7295276 -1.3098661 -0.6704725 -1.3098661 0 P 0
L -0.7295276 -1.3098661 -0.7295276 -1.1681339 0 P 0
L -0.7296851 0.38 -0.690315 0.38 0 P 0
L -0.7296851 0.53 -0.690315 0.53 0 P 0
L -0.7296851 0.68 -0.690315 0.68 0 P 0
L -0.7296851 0.89 -0.690315 0.89 0 P 0
L -0.7296851 1.03 -0.690315 1.03 0 P 0
L -0.7414567 -1.1470866 -0.7414567 -1.0329134 0 P 0
L -0.75 -0.2987008 -0.75 -0.2612992 0 P 0
L -0.75 -0.4787008 -0.75 -0.4412992 0 P 0
L -0.75 -0.7787008 -0.75 -0.7412992 0 P 0
L -0.75 0.0012992 -0.75 0.0387008 0 P 0
L -0.7549213 -1.3078976 -0.7549213 -1.1701024 0 P 0
L -0.7687008 -0.28 -0.7312992 -0.28 0 P 0
L -0.7687008 -0.46 -0.7312992 -0.46 0 P 0
L -0.7687008 -0.76 -0.7312992 -0.76 0 P 0
L -0.7687008 0.02 -0.7312992 0.02 0 P 0
L -0.77 -1.1087008 -0.77 -1.0712992 0 P 0
L -0.7785433 -0.0370866 -0.7214567 -0.0370866 0 P 0
L -0.7785433 -0.0370866 -0.7785433 0.0770866 0 P 0
L -0.7785433 -0.2229134 -0.7214567 -0.2229134 0 P 0
L -0.7785433 -0.3370866 -0.7214567 -0.3370866 0 P 0
L -0.7785433 -0.3370866 -0.7785433 -0.2229134 0 P 0
L -0.7785433 -0.4029134 -0.7214567 -0.4029134 0 P 0
L -0.7785433 -0.5170866 -0.7214567 -0.5170866 0 P 0
L -0.7785433 -0.5170866 -0.7785433 -0.4029134 0 P 0
L -0.7785433 -0.7029134 -0.7214567 -0.7029134 0 P 0
L -0.7785433 -0.8170866 -0.7214567 -0.8170866 0 P 0
L -0.7785433 -0.8170866 -0.7785433 -0.7029134 0 P 0
L -0.7785433 0.0770866 -0.7214567 0.0770866 0 P 0
L -0.78 -0.1496851 -0.78 -0.110315 0 P 0
L -0.78 -0.6296851 -0.78 -0.590315 0 P 0
L -0.7804724 -0.8308661 -0.7804724 -0.6891339 0 P 0
L -0.7804725 -0.0508661 -0.7804725 0.0908661 0 P 0
L -0.7814567 -0.3370866 -0.7814567 -0.2229134 0 P 0
L -0.7814567 -0.5170866 -0.7814567 -0.4029134 0 P 0
L -0.7887008 -1.09 -0.7512992 -1.09 0 P 0
L -0.7985433 -1.0329134 -0.7414567 -1.0329134 0 P 0
L -0.7985433 -1.1470866 -0.7414567 -1.1470866 0 P 0
L -0.7985433 -1.1470866 -0.7985433 -1.0329134 0 P 0
L -0.799685 -0.13 -0.760315 -0.13 0 P 0
L -0.799685 -0.61 -0.760315 -0.61 0 P 0
L -0.8061023 -1.1647874 -0.8061023 -1.0132126 0 P 0
L -0.81 -0.2987008 -0.81 -0.2612992 0 P 0
L -0.81 -0.4787008 -0.81 -0.4412992 0 P 0
L -0.81 -0.7787007 -0.81 -0.7412992 0 P 0
L -0.81 0.0012992 -0.81 0.0387007 0 P 0
L -0.8162992 0.3150394 -0.6037008 0.3150394 0 P 0
L -0.8162992 0.3150394 -0.8162992 0.4449606 0 P 0
L -0.8162992 0.4449606 -0.6037008 0.4449606 0 P 0
L -0.8162992 0.4650394 -0.6037008 0.4650394 0 P 0
L -0.8162992 0.4650394 -0.8162992 0.5949606 0 P 0
L -0.8162992 0.5949606 -0.6037008 0.5949606 0 P 0
L -0.8162992 0.6150394 -0.6037008 0.6150394 0 P 0
L -0.8162992 0.6150394 -0.8162992 0.7449606 0 P 0
L -0.8162992 0.7449606 -0.6037008 0.7449606 0 P 0
L -0.8162992 0.8250394 -0.6037008 0.8250394 0 P 0
L -0.8162992 0.8250394 -0.8162992 0.9549606 0 P 0
L -0.8162992 0.9549606 -0.6037008 0.9549606 0 P 0
L -0.8162992 0.9650394 -0.6037008 0.9650394 0 P 0
L -0.8162992 0.9650394 -0.8162992 1.0949606 0 P 0
L -0.8162992 1.0949606 -0.6037008 1.0949606 0 P 0
L -0.8287007 -0.76 -0.7912992 -0.76 0 P 0
L -0.8287008 -0.28 -0.7912992 -0.28 0 P 0
L -0.8287008 -0.46 -0.7912992 -0.46 0 P 0
L -0.8287008 0.02 -0.7912993 0.02 0 P 0
L -0.8385433 -0.2229134 -0.7814567 -0.2229134 0 P 0
L -0.8385433 -0.3370866 -0.7814567 -0.3370866 0 P 0
L -0.8385433 -0.3370866 -0.8385433 -0.2229134 0 P 0
L -0.8385433 -0.4029134 -0.7814567 -0.4029134 0 P 0
L -0.8385433 -0.5170866 -0.7814567 -0.5170866 0 P 0
L -0.8385433 -0.5170866 -0.8385433 -0.4029134 0 P 0
L -0.8395275 -0.6891339 -0.7804724 -0.6891339 0 P 0
L -0.8395275 -0.8308661 -0.7804724 -0.8308661 0 P 0
L -0.8395275 -0.8308661 -0.8395275 -0.6891339 0 P 0
L -0.8395276 -0.0508661 -0.7804725 -0.0508661 0 P 0
L -0.8395276 -0.0508661 -0.8395276 0.0908661 0 P 0
L -0.8395276 0.0908661 -0.7804725 0.0908661 0 P 0
L -0.8403544 1.1739134 -0.8403544 1.2132834 0 P 0
L -0.85 1.5103149 -0.85 1.549685 0 P 0
L -0.8511023 -0.3557874 -0.8511023 -0.2042126 0 P 0
L -0.8511024 -0.5357874 -0.8511024 -0.3842126 0 P 0
L -0.8527559 -0.0184252 -0.8527559 0.1784252 0 P 0
L -0.8527559 -0.9184252 -0.8527559 -0.7215748 0 P 0
L -0.8557874 -0.0611024 -0.7042126 -0.0611024 0 P 0
L -0.8557874 -0.1988977 -0.7042126 -0.1988977 0 P 0
L -0.8557874 -0.1988977 -0.8557874 -0.0611024 0 P 0
L -0.8557874 -0.5411024 -0.7042126 -0.5411024 0 P 0
L -0.8557874 -0.6788977 -0.7042126 -0.6788977 0 P 0
L -0.8557874 -0.6788977 -0.8557874 -0.5411024 0 P 0
L -0.8600394 1.1935984 -0.8206693 1.1935984 0 P 0
L -0.8629134 -0.1985433 -0.8629134 -0.1414567 0 P 0
L -0.8629134 -0.5985433 -0.8629134 -0.5414567 0 P 0
L -0.869685 1.53 -0.830315 1.53 0 P 0
L -0.8743307 0.5417323 -0.8743307 0.7720472 0 P 0
L -0.875 -1.108685 -0.875 -1.069315 0 P 0
L -0.875 -1.258685 -0.875 -1.2193149 0 P 0
L -0.875 -1.5677007 -0.875 -1.5302992 0 P 0
L -0.8804724 0.7691339 -0.8804724 0.9108661 0 P 0
L -0.8814567 0.3929134 -0.8814567 0.5070866 0 P 0
L -0.8816929 0.9472835 -0.8816929 1.1205118 0 P 0
L -0.8937008 -1.549 -0.8562993 -1.549 0 P 0
L -0.894685 -1.089 -0.8553149 -1.089 0 P 0
L -0.8946851 -1.239 -0.855315 -1.239 0 P 0
L -0.8964567 1.2624016 -0.8964567 1.3765748 0 P 0
L -0.9 -0.839685 -0.9 -0.8003149 0 P 0
L -0.9 0.060315 -0.9 0.0996851 0 P 0
L -0.91 0.4312992 -0.91 0.4687008 0 P 0
L -0.91 0.8212993 -0.91 0.8587008 0 P 0
L -0.9196851 -0.82 -0.880315 -0.82 0 P 0
L -0.9196851 0.08 -0.880315 0.08 0 P 0
L -0.92 -0.1887008 -0.92 -0.1512992 0 P 0
L -0.92 -0.299685 -0.92 -0.260315 0 P 0
L -0.92 -0.479685 -0.92 -0.440315 0 P 0
L -0.92 -0.5887008 -0.92 -0.5512992 0 P 0
L -0.925 1.0142126 -0.925 1.0535827 0 P 0
L -0.925 1.3007874 -0.925 1.338189 0 P 0
L -0.9287007 0.84 -0.8912992 0.84 0 P 0
L -0.9287008 0.45 -0.8912992 0.45 0 P 0
L -0.9385433 0.3929134 -0.8814567 0.3929134 0 P 0
L -0.9385433 0.3929134 -0.9385433 0.5070866 0 P 0
L -0.9385433 0.5070866 -0.8814567 0.5070866 0 P 0
L -0.9387008 -0.17 -0.9012992 -0.17 0 P 0
L -0.9387008 -0.57 -0.9012992 -0.57 0 P 0
L -0.9395275 0.7691339 -0.8804724 0.7691339 0 P 0
L -0.9395275 0.7691339 -0.9395275 0.9108661 0 P 0
L -0.9395275 0.9108661 -0.8804724 0.9108661 0 P 0
L -0.939685 -0.28 -0.9003149 -0.28 0 P 0
L -0.9396851 -0.46 -0.900315 -0.46 0 P 0
L -0.9437008 1.3194882 -0.9062992 1.3194882 0 P 0
L -0.9438976 -1.0132126 -0.8061023 -1.0132126 0 P 0
L -0.9438976 -1.1647874 -0.8061023 -1.1647874 0 P 0
L -0.9438976 -1.1647874 -0.9438976 -1.0132126 0 P 0
L -0.9446851 1.0338976 -0.905315 1.0338976 0 P 0
L -0.9472441 -0.0184252 -0.8527559 -0.0184252 0 P 0
L -0.9472441 -0.0184252 -0.9472441 0.1784252 0 P 0
L -0.9472441 -0.7215748 -0.8527559 -0.7215748 0 P 0
L -0.9472441 -0.9184252 -0.8527559 -0.9184252 0 P 0
L -0.9472441 -0.9184252 -0.9472441 -0.7215748 0 P 0
L -0.9472441 0.1784252 -0.8527559 0.1784252 0 P 0
L -0.9514567 -1.1470866 -0.9514567 -1.0329134 0 P 0
L -0.9514567 0.3929134 -0.9514567 0.5070866 0 P 0
L -0.9535433 1.2624016 -0.8964567 1.2624016 0 P 0
L -0.9535433 1.2624016 -0.9535433 1.3765748 0 P 0
L -0.9535433 1.3765748 -0.8964567 1.3765748 0 P 0
L -0.9545276 1.1345433 -0.7261812 1.1345433 0 P 0
L -0.9545276 1.1345433 -0.9545276 1.2644645 0 P 0
L -0.9545276 1.2644645 -0.7261812 1.2644645 0 P 0
L -0.9582677 1.3843307 -0.7279528 1.3843307 0 P 0
L -0.9582677 1.3843307 -0.9582677 1.6756693 0 P 0
L -0.9582677 1.6756693 -0.7279528 1.6756693 0 P 0
L -0.9612599 -0.0696063 -0.9612599 0.2296063 0 P 0
L -0.9612599 -0.9696063 -0.9612599 -0.6703937 0 P 0
L -0.9683071 0.9472835 -0.8816929 0.9472835 0 P 0
L -0.9683071 0.9472835 -0.9683071 1.1205118 0 P 0
L -0.9683071 1.1205118 -0.8816929 1.1205118 0 P 0
L -0.9770866 -0.1414567 -0.8629134 -0.1414567 0 P 0
L -0.9770866 -0.1985433 -0.8629134 -0.1985433 0 P 0
L -0.9770866 -0.1985433 -0.9770866 -0.1414567 0 P 0
L -0.9770866 -0.5414567 -0.8629134 -0.5414567 0 P 0
L -0.9770866 -0.5985433 -0.8629134 -0.5985433 0 P 0
L -0.9770866 -0.5985433 -0.9770866 -0.5414567 0 P 0
L -0.98 -1.1087008 -0.98 -1.0712992 0 P 0
L -0.98 0.4312992 -0.98 0.4687008 0 P 0
L -0.9888976 -0.2042126 -0.8511023 -0.2042126 0 P 0
L -0.9888976 -0.3557874 -0.8511023 -0.3557874 0 P 0
L -0.9888976 -0.3557874 -0.9888976 -0.2042126 0 P 0
L -0.9888977 -0.3842126 -0.8511024 -0.3842126 0 P 0
L -0.9888977 -0.5357874 -0.8511024 -0.5357874 0 P 0
L -0.9888977 -0.5357874 -0.9888977 -0.3842126 0 P 0
L -0.9911023 -0.3557874 -0.9911023 -0.2042126 0 P 0
L -0.9911024 -0.5357874 -0.9911024 -0.3842126 0 P 0
L -0.9987008 -1.09 -0.9612992 -1.09 0 P 0
L -0.9987008 0.45 -0.9612992 0.45 0 P 0
L -1.0029134 -0.1985433 -1.0029134 -0.1414567 0 P 0
L -1.0029134 -0.5985433 -1.0029134 -0.5414567 0 P 0
L -1.0049213 -1.1701024 -0.7549213 -1.1701024 0 P 0
L -1.0049213 -1.3078976 -0.7549213 -1.3078976 0 P 0
L -1.0049213 -1.3078976 -1.0049213 -1.1701024 0 P 0
L -1.0065118 1.034981 -1.0065118 1.7830157 0 P 0
L -1.0085433 -1.0329134 -0.9514567 -1.0329134 0 P 0
L -1.0085433 -1.1470866 -0.9514567 -1.1470866 0 P 0
L -1.0085433 -1.1470866 -1.0085433 -1.0329134 0 P 0
L -1.0085433 0.3929134 -0.9514567 0.3929134 0 P 0
L -1.0085433 0.3929134 -1.0085433 0.5070866 0 P 0
L -1.0085433 0.5070866 -0.9514567 0.5070866 0 P 0
L -1.0142126 0.3911023 -1.0142126 0.5288976 0 P 0
L -1.0142126 0.7711023 -1.0142126 0.9088976 0 P 0
L -1.02 0.630315 -1.02 0.669685 0 P 0
L -1.039685 0.65 -1.0003149 0.65 0 P 0
L -1.04 -0.839685 -1.04 -0.800315 0 P 0
L -1.04 0.060315 -1.04 0.099685 0 P 0
L -1.0403543 -1.3167165 -0.7096457 -1.3167165 0 P 0
L -1.0403543 -1.7812835 -0.7096457 -1.7812835 0 P 0
L -1.0403543 -1.7812835 -1.0403543 -1.3167165 0 P 0
L -1.0596851 -0.82 -1.020315 -0.82 0 P 0
L -1.0596851 0.08 -1.020315 0.08 0 P 0
L -1.06 -0.1887008 -1.06 -0.1512992 0 P 0
L -1.06 -0.299685 -1.06 -0.260315 0 P 0
L -1.06 -0.479685 -1.06 -0.440315 0 P 0
L -1.06 -0.5887008 -1.06 -0.5512992 0 P 0
L -1.0787008 -0.17 -1.0412992 -0.17 0 P 0
L -1.0787008 -0.57 -1.0412992 -0.57 0 P 0
L -1.079685 -0.28 -1.0403149 -0.28 0 P 0
L -1.0796851 -0.46 -1.040315 -0.46 0 P 0
L -1.09 0.4403149 -1.09 0.479685 0 P 0
L -1.09 0.8203149 -1.09 0.859685 0 P 0
L -1.109685 0.46 -1.070315 0.46 0 P 0
L -1.109685 0.84 -1.070315 0.84 0 P 0
L -1.1170866 -0.1414567 -1.0029134 -0.1414567 0 P 0
L -1.1170866 -0.1985433 -1.0029134 -0.1985433 0 P 0
L -1.1170866 -0.1985433 -1.1170866 -0.1414567 0 P 0
L -1.1170866 -0.5414567 -1.0029134 -0.5414567 0 P 0
L -1.1170866 -0.5985433 -1.0029134 -0.5985433 0 P 0
L -1.1170866 -0.5985433 -1.1170866 -0.5414567 0 P 0
L -1.1187402 -0.0696063 -0.9612599 -0.0696063 0 P 0
L -1.1187402 -0.0696063 -1.1187402 0.2296063 0 P 0
L -1.1187402 -0.6703937 -0.9612599 -0.6703937 0 P 0
L -1.1187402 -0.9696063 -0.9612599 -0.9696063 0 P 0
L -1.1187402 -0.9696063 -1.1187402 -0.6703937 0 P 0
L -1.1187402 0.2296063 -0.9612599 0.2296063 0 P 0
L -1.1288976 -0.2042126 -0.9911023 -0.2042126 0 P 0
L -1.1288976 -0.3557874 -0.9911023 -0.3557874 0 P 0
L -1.1288976 -0.3557874 -1.1288976 -0.2042126 0 P 0
L -1.1288977 -0.3842126 -0.9911024 -0.3842126 0 P 0
L -1.1288977 -0.5357874 -0.9911024 -0.5357874 0 P 0
L -1.1288977 -0.5357874 -1.1288977 -0.3842126 0 P 0
L -1.1311024 -0.0400787 -1.1311024 0.2099213 0 P 0
L -1.1311024 -0.3600787 -1.1311024 -0.1100787 0 P 0
L -1.1311024 -0.6299213 -1.1311024 -0.3799213 0 P 0
L -1.1311024 -0.9400787 -1.1311024 -0.6900787 0 P 0
L -1.1656693 0.5417323 -0.8743307 0.5417323 0 P 0
L -1.1656693 0.5417323 -1.1656693 0.7720472 0 P 0
L -1.1656693 0.7720472 -0.8743307 0.7720472 0 P 0
L -1.1657874 0.3911023 -1.0142126 0.3911023 0 P 0
L -1.1657874 0.3911023 -1.1657874 0.5288976 0 P 0
L -1.1657874 0.5288976 -1.0142126 0.5288976 0 P 0
L -1.1657874 0.7711023 -1.0142126 0.7711023 0 P 0
L -1.1657874 0.7711023 -1.1657874 0.9088976 0 P 0
L -1.1657874 0.9088976 -1.0142126 0.9088976 0 P 0
L -1.1766929 0.7533859 -1.1766929 0.9266142 0 P 0
L -1.2 -0.259685 -1.2 -0.2203149 0 P 0
L -1.2 -0.5196851 -1.2 -0.480315 0 P 0
L -1.2 -0.839685 -1.2 -0.8003149 0 P 0
L -1.2 0.060315 -1.2 0.0996851 0 P 0
L -1.219685 -0.24 -1.1803149 -0.24 0 P 0
L -1.219685 -0.82 -1.1803149 -0.82 0 P 0
L -1.219685 0.08 -1.1803149 0.08 0 P 0
L -1.2196851 -0.5 -1.180315 -0.5 0 P 0
L -1.22 0.820315 -1.22 0.8596851 0 P 0
L -1.2396851 0.84 -1.200315 0.84 0 P 0
L -1.2633071 0.7533859 -1.1766929 0.7533859 0 P 0
L -1.2633071 0.7533859 -1.2633071 0.9266142 0 P 0
L -1.2633071 0.9266142 -1.1766929 0.9266142 0 P 0
L -1.2688976 -0.0400787 -1.1311024 -0.0400787 0 P 0
L -1.2688976 -0.0400787 -1.2688976 0.2099213 0 P 0
L -1.2688976 -0.1100787 -1.1311024 -0.1100787 0 P 0
L -1.2688976 -0.3600787 -1.1311024 -0.3600787 0 P 0
L -1.2688976 -0.3600787 -1.2688976 -0.1100787 0 P 0
L -1.2688976 -0.3799213 -1.1311024 -0.3799213 0 P 0
L -1.2688976 -0.6299213 -1.1311024 -0.6299213 0 P 0
L -1.2688976 -0.6299213 -1.2688976 -0.3799213 0 P 0
L -1.2688976 -0.6900787 -1.1311024 -0.6900787 0 P 0
L -1.2688976 -0.9400787 -1.1311024 -0.9400787 0 P 0
L -1.2688976 -0.9400787 -1.2688976 -0.6900787 0 P 0
L -1.2688976 0.2099213 -1.1311024 0.2099213 0 P 0
L -1.2747165 -0.0853543 -1.2747165 0.2453543 0 P 0
L -1.2747165 -0.6022835 -1.2747165 -0.1377165 0 P 0
L -1.2747165 -0.9853543 -1.2747165 -0.6546457 0 P 0
L -1.2747165 0.2946457 -1.2747165 0.6253543 0 P 0
L -1.2747165 0.6746457 -1.2747165 1.0053543 0 P 0
L -1.351 1.389315 -1.351 1.4286851 0 P 0
L -1.3706851 1.409 -1.331315 1.409 0 P 0
L -1.507 -0.3887007 -1.507 -0.3512992 0 P 0
L -1.507 -0.8387007 -1.507 -0.8012992 0 P 0
L -1.507 0.0612993 -1.507 0.0987008 0 P 0
L -1.507 0.4412993 -1.507 0.4787008 0 P 0
L -1.507 0.8212993 -1.507 0.8587008 0 P 0
L -1.5257007 -0.37 -1.4882992 -0.37 0 P 0
L -1.5257007 -0.82 -1.4882992 -0.82 0 P 0
L -1.5257007 0.08 -1.4882992 0.08 0 P 0
L -1.5257007 0.46 -1.4882992 0.46 0 P 0
L -1.5257007 0.84 -1.4882992 0.84 0 P 0
L -1.6954921 1.034981 -1.0065118 1.034981 0 P 0
L -1.6954921 1.034981 -1.6954921 1.7830157 0 P 0
L -1.6954921 1.7830157 -1.0065118 1.7830157 0 P 0
L -1.7392835 -0.0853543 -1.2747165 -0.0853543 0 P 0
L -1.7392835 -0.0853543 -1.7392835 0.2453543 0 P 0
L -1.7392835 -0.1377165 -1.2747165 -0.1377165 0 P 0
L -1.7392835 -0.6022835 -1.2747165 -0.6022835 0 P 0
L -1.7392835 -0.6022835 -1.7392835 -0.1377165 0 P 0
L -1.7392835 -0.6546457 -1.2747165 -0.6546457 0 P 0
L -1.7392835 -0.9853543 -1.2747165 -0.9853543 0 P 0
L -1.7392835 -0.9853543 -1.7392835 -0.6546457 0 P 0
L -1.7392835 0.2453543 -1.2747165 0.2453543 0 P 0
L -1.7392835 0.2946457 -1.2747165 0.2946457 0 P 0
L -1.7392835 0.2946457 -1.7392835 0.6253543 0 P 0
L -1.7392835 0.6253543 -1.2747165 0.6253543 0 P 0
L -1.7392835 0.6746457 -1.2747165 0.6746457 0 P 0
L -1.7392835 0.6746457 -1.7392835 1.0053543 0 P 0
L -1.7392835 1.0053543 -1.2747165 1.0053543 0 P 0
L -1.8673228 1.7311024 -1.8673228 1.8866142 0 P 0
L -1.8811024 1.0373228 -1.8811024 1.2026772 0 P 0
L -1.8814567 -1.4920866 -1.8814567 -1.3779134 0 P 0
L -1.8914567 1.6029134 -1.8914567 1.7170866 0 P 0
L -1.91 -1.4537008 -1.91 -1.4162992 0 P 0
L -1.92 1.6412992 -1.92 1.6787008 0 P 0
L -1.9287008 -1.435 -1.8912992 -1.435 0 P 0
L -1.9373228 -1.3088976 -1.9373228 -1.1533858 0 P 0
L -1.9385433 -1.3779134 -1.8814567 -1.3779134 0 P 0
L -1.9385433 -1.4920866 -1.8814567 -1.4920866 0 P 0
L -1.9385433 -1.4920866 -1.9385433 -1.3779134 0 P 0
L -1.9387008 1.66 -1.9012992 1.66 0 P 0
L -1.9480315 -1.1456693 -1.9480315 -0.519685 0 P 0
L -1.9485433 1.6029134 -1.8914567 1.6029134 0 P 0
L -1.9485433 1.6029134 -1.9485433 1.7170866 0 P 0
L -1.9485433 1.7170866 -1.8914567 1.7170866 0 P 0
L -1.95 1.100315 -1.95 1.139685 0 P 0
L -1.95 1.780315 -1.95 1.8196851 0 P 0
L -1.9514567 -1.4920866 -1.9514567 -1.3779134 0 P 0
L -1.9514567 1.6029134 -1.9514567 1.7170866 0 P 0
L -1.969685 1.8 -1.930315 1.8 0 P 0
L -1.9696851 1.12 -1.930315 1.12 0 P 0
L -1.98 -1.4537008 -1.98 -1.4162992 0 P 0
L -1.98 1.6412992 -1.98 1.6787008 0 P 0
L -1.9987008 -1.435 -1.9612992 -1.435 0 P 0
L -1.9987008 1.66 -1.9612992 1.66 0 P 0
L -2.0085433 -1.3779134 -1.9514567 -1.3779134 0 P 0
L -2.0085433 -1.4920866 -1.9514567 -1.4920866 0 P 0
L -2.0085433 -1.4920866 -2.0085433 -1.3779134 0 P 0
L -2.0085433 1.6029134 -1.9514567 1.6029134 0 P 0
L -2.0085433 1.6029134 -2.0085433 1.7170866 0 P 0
L -2.0085433 1.7170866 -1.9514567 1.7170866 0 P 0
L -2.02 -1.259685 -2.02 -1.2203149 0 P 0
L -2.0214567 -1.4920866 -2.0214567 -1.3779134 0 P 0
L -2.0326772 1.7311024 -1.8673228 1.7311024 0 P 0
L -2.0326772 1.7311024 -2.0326772 1.8866142 0 P 0
L -2.0326772 1.8866142 -1.8673228 1.8866142 0 P 0
L -2.0366142 1.0373228 -1.8811024 1.0373228 0 P 0
L -2.0366142 1.0373228 -2.0366142 1.2026772 0 P 0
L -2.0366142 1.2026772 -1.8811024 1.2026772 0 P 0
L -2.039685 -1.24 -2.000315 -1.24 0 P 0
L -2.05 -1.4537008 -2.05 -1.4162992 0 P 0
L -2.0523543 0.9440866 -2.0523543 1.4559055 0 P 0
L -2.0687008 -1.435 -2.0312992 -1.435 0 P 0
L -2.0779529 1.5456693 -2.0779529 2.1165354 0 P 0
L -2.0785433 -1.3779134 -2.0214567 -1.3779134 0 P 0
L -2.0785433 -1.4920866 -2.0214567 -1.4920866 0 P 0
L -2.0785433 -1.4920866 -2.0785433 -1.3779134 0 P 0
L -2.0914567 -1.4920866 -2.0914567 -1.3779134 0 P 0
L -2.1026772 -1.1533858 -1.9373228 -1.1533858 0 P 0
L -2.1026772 -1.3088976 -1.9373228 -1.3088976 0 P 0
L -2.1026772 -1.3088976 -2.1026772 -1.1533858 0 P 0
L -2.12 -1.4537008 -2.12 -1.4162992 0 P 0
L -2.1311024 0.5226772 -2.1311024 0.8573228 0 P 0
L -2.1387008 -1.435 -2.1012992 -1.435 0 P 0
L -2.1485433 -1.3779134 -2.0914567 -1.3779134 0 P 0
L -2.1485433 -1.4920866 -2.0914567 -1.4920866 0 P 0
L -2.1485433 -1.4920866 -2.1485433 -1.3779134 0 P 0
L -2.1504725 -1.3108661 -2.1504725 -1.1691339 0 P 0
L -2.18 -1.2587008 -2.18 -1.2212993 0 P 0
L -2.1987008 -1.24 -2.1612993 -1.24 0 P 0
L -2.2 -1.019685 -2.2 -0.980315 0 P 0
L -2.2 0.670315 -2.2 0.709685 0 P 0
L -2.2 1.180315 -2.2 1.219685 0 P 0
L -2.2 1.780315 -2.2 1.819685 0 P 0
L -2.2095276 -1.1691339 -2.1504725 -1.1691339 0 P 0
L -2.2095276 -1.3108661 -2.1504725 -1.3108661 0 P 0
L -2.2095276 -1.3108661 -2.2095276 -1.1691339 0 P 0
L -2.219685 -1 -2.180315 -1 0 P 0
L -2.219685 0.69 -2.180315 0.69 0 P 0
L -2.219685 1.2 -2.180315 1.2 0 P 0
L -2.219685 1.8 -2.180315 1.8 0 P 0
L -2.2688976 0.5226772 -2.1311024 0.5226772 0 P 0
L -2.2688976 0.5226772 -2.2688976 0.8573228 0 P 0
L -2.2688976 0.8573228 -2.1311024 0.8573228 0 P 0
L -2.2714567 -1.4920866 -2.2714567 -1.3779134 0 P 0
L -2.2973228 -1.3088976 -2.2973228 -1.1533858 0 P 0
L -2.3 -1.4537008 -2.3 -1.4162992 0 P 0
L -2.3187008 -1.435 -2.2812992 -1.435 0 P 0
L -2.3220473 1.5456693 -2.0779529 1.5456693 0 P 0
L -2.3220473 1.5456693 -2.3220473 2.1165354 0 P 0
L -2.3220473 2.1165354 -2.0779529 2.1165354 0 P 0
L -2.3285433 -1.3779134 -2.2714567 -1.3779134 0 P 0
L -2.3285433 -1.4920866 -2.2714567 -1.4920866 0 P 0
L -2.3285433 -1.4920866 -2.3285433 -1.3779134 0 P 0
L -2.3414567 -1.4920866 -2.3414567 -1.3779134 0 P 0
L -2.3476378 0.9440866 -2.0523543 0.9440866 0 P 0
L -2.3476378 0.9440866 -2.3476378 1.4559055 0 P 0
L -2.3476378 1.4559055 -2.0523543 1.4559055 0 P 0
L -2.37 -1.4537008 -2.37 -1.4162992 0 P 0
L -2.38 -1.259685 -2.38 -1.2203149 0 P 0
L -2.3887008 -1.435 -2.3512992 -1.435 0 P 0
L -2.3985433 -1.3779134 -2.3414567 -1.3779134 0 P 0
L -2.3985433 -1.4920866 -2.3414567 -1.4920866 0 P 0
L -2.3985433 -1.4920866 -2.3985433 -1.3779134 0 P 0
L -2.399685 -1.24 -2.360315 -1.24 0 P 0
L -2.4114567 -1.4920866 -2.4114567 -1.3779134 0 P 0
L -2.44 -1.4537008 -2.44 -1.4162992 0 P 0
L -2.45 0.8812992 -2.45 0.9187008 0 P 0
L -2.45 1.0312992 -2.45 1.0687008 0 P 0
L -2.45 1.1812992 -2.45 1.2187008 0 P 0
L -2.45 1.3312992 -2.45 1.3687008 0 P 0
L -2.45 1.4812992 -2.45 1.5187008 0 P 0
L -2.4519685 -0.519685 -1.9480315 -0.519685 0 P 0
L -2.4519685 -1.1456693 -1.9480315 -1.1456693 0 P 0
L -2.4519685 -1.1456693 -2.4519685 -0.519685 0 P 0
L -2.4587008 -1.435 -2.4212992 -1.435 0 P 0
L -2.4626772 -1.1533858 -2.2973228 -1.1533858 0 P 0
L -2.4626772 -1.3088976 -2.2973228 -1.3088976 0 P 0
L -2.4626772 -1.3088976 -2.4626772 -1.1533858 0 P 0
L -2.4685433 -1.3779134 -2.4114567 -1.3779134 0 P 0
L -2.4685433 -1.4920866 -2.4114567 -1.4920866 0 P 0
L -2.4685433 -1.4920866 -2.4685433 -1.3779134 0 P 0
L -2.4687008 0.9 -2.4312992 0.9 0 P 0
L -2.4687008 1.05 -2.4312992 1.05 0 P 0
L -2.4687008 1.2 -2.4312992 1.2 0 P 0
L -2.4687008 1.35 -2.4312992 1.35 0 P 0
L -2.4687008 1.5 -2.4312992 1.5 0 P 0
L 0 -0.0987008 0 -0.0612992 0 P 0
L 0 0.360315 0 0.399685 0 P 0
L 0 0.510315 0 0.549685 0 P 0
L 0 0.660315 0 0.699685 0 P 0
L 0 0.870315 0 0.909685 0 P 0
L 0 1.010315 0 1.049685 0 P 0
L 0.0050787 -1.3078976 0.0050787 -1.1701024 0 P 0
L 0.0058268 1.3074016 0.0058268 1.7325984 0 P 0
L 0.0058268 1.3074016 0.2341732 1.3074016 0 P 0
L 0.0058268 1.7325984 0.2341732 1.7325984 0 P 0
L 0.0170866 -0.1785433 0.0170866 -0.1214567 0 P 0
L 0.0185433 -1.1470866 0.0185433 -1.0329134 0 P 0
L 0.0304724 -1.1681339 0.0895275 -1.1681339 0 P 0
L 0.0304724 -1.3098661 0.0304724 -1.1681339 0 P 0
L 0.0304724 -1.3098661 0.0895275 -1.3098661 0 P 0
L 0.0308661 -0.2674016 0.0308661 -0.1925985 0 P 0
L 0.0314567 -1.0329134 0.0885433 -1.0329134 0 P 0
L 0.0314567 -1.1470866 0.0314567 -1.0329134 0 P 0
L 0.0314567 -1.1470866 0.0885433 -1.1470866 0 P 0
L 0.0412992 -1.09 0.0787008 -1.09 0 P 0
L 0.0412992 -1.239 0.0787007 -1.239 0 P 0
L 0.0503543 -1.7812835 0.0503543 -1.3167165 0 P 0
L 0.06 -1.1087008 0.06 -1.0712992 0 P 0
L 0.06 -1.2577008 0.06 -1.2202993 0 P 0
L 0.0662992 -0.4149606 0.0662992 -0.2850394 0 P 0
L 0.0885433 -1.1470866 0.0885433 -1.0329134 0 P 0
L 0.0895275 -1.3098661 0.0895275 -1.1681339 0 P 0
L 0.0931496 1.1115748 0.0931496 1.3084252 0 P 0
L 0.0931496 1.1115748 0.4868504 1.1115748 0 P 0
L 0.0931496 1.3084252 0.4868504 1.3084252 0 P 0
L 0.0996457 -1.3167165 0.4303543 -1.3167165 0 P 0
L 0.0996457 -1.7812835 0.0996457 -1.3167165 0 P 0
L 0.0996457 -1.7812835 0.4303543 -1.7812835 0 P 0
L 0.1012992 1.52 0.1387007 1.52 0 P 0
L 0.1043307 0.7940157 0.1043307 1.0282677 0 P 0
L 0.1043307 0.7940157 0.3956693 0.7940157 0 P 0
L 0.1043307 1.0282677 0.3956693 1.0282677 0 P 0
L 0.1062992 0.3150394 0.1062992 0.4449606 0 P 0
L 0.1062992 0.4650394 0.1062992 0.5949606 0 P 0
L 0.1062992 0.6150394 0.1062992 0.7449606 0 P 0
L 0.1062992 0.8250394 0.1062992 0.9549606 0 P 0
L 0.1062992 0.9650394 0.1062992 1.0949606 0 P 0
L 0.1064567 -0.6779134 0.1635433 -0.6779134 0 P 0
L 0.1064567 -0.7920866 0.1064567 -0.6779134 0 P 0
L 0.1064567 -0.7920866 0.1635433 -0.7920866 0 P 0
L 0.1162992 -0.735 0.1537008 -0.735 0 P 0
L 0.12 1.5012992 0.12 1.5387007 0 P 0
L 0.1229134 1.0414567 0.1229134 1.0985433 0 P 0
L 0.1229134 1.0414567 0.2370866 1.0414567 0 P 0
L 0.1229134 1.0985433 0.2370866 1.0985433 0 P 0
L 0.1252756 0.3195276 0.1252756 0.7604724 0 P 0
L 0.1252756 0.3195276 0.5347244 0.3195276 0 P 0
L 0.1252756 0.7604724 0.5347244 0.7604724 0 P 0
L 0.1314567 -1.0329134 0.1885433 -1.0329134 0 P 0
L 0.1314567 -1.1470866 0.1314567 -1.0329134 0 P 0
L 0.1314567 -1.1470866 0.1885433 -1.1470866 0 P 0
L 0.135 -0.7537008 0.135 -0.7162992 0 P 0
L 0.1350787 -1.1701024 0.3850787 -1.1701024 0 P 0
L 0.1350787 -1.3078976 0.1350787 -1.1701024 0 P 0
L 0.1350787 -1.3078976 0.3850787 -1.3078976 0 P 0
L 0.1412992 -1.09 0.1787008 -1.09 0 P 0
L 0.16 -1.1087008 0.16 -1.0712992 0 P 0
L 0.1612992 1.07 0.1987008 1.07 0 P 0
L 0.1635433 -0.7920866 0.1635433 -0.6779134 0 P 0
L 0.18 1.0512992 0.18 1.0887008 0 P 0
L 0.1885433 -1.1470866 0.1885433 -1.0329134 0 P 0
L 0.1961024 -1.0132126 0.3338977 -1.0132126 0 P 0
L 0.1961024 -1.1647874 0.1961024 -1.0132126 0 P 0
L 0.1961024 -1.1647874 0.3338977 -1.1647874 0 P 0
L 0.2179134 -0.9314567 0.3320866 -0.9314567 0 P 0
L 0.2179134 -0.9885433 0.2179134 -0.9314567 0 P 0
L 0.2179134 -0.9885433 0.3320866 -0.9885433 0 P 0
L 0.2303149 0.92 0.269685 0.92 0 P 0
L 0.2341732 1.3074016 0.2341732 1.7325984 0 P 0
L 0.2370866 1.0414567 0.2370866 1.0985433 0 P 0
L 0.2453149 -1.239 0.284685 -1.239 0 P 0
L 0.245315 -1.089 0.2846851 -1.089 0 P 0
L 0.2462992 -1.549 0.2837007 -1.549 0 P 0
L 0.25 0.900315 0.25 0.939685 0 P 0
L 0.2562992 -0.96 0.2937008 -0.96 0 P 0
L 0.2629134 1.0414567 0.2629134 1.0985433 0 P 0
L 0.2629134 1.0414567 0.3770866 1.0414567 0 P 0
L 0.2629134 1.0985433 0.3770866 1.0985433 0 P 0
L 0.265 -1.108685 0.265 -1.069315 0 P 0
L 0.265 -1.258685 0.265 -1.2193149 0 P 0
L 0.265 -1.5677007 0.265 -1.5302992 0 P 0
L 0.2712993 1.21 0.3087008 1.21 0 P 0
L 0.275 -0.9787008 0.275 -0.9412992 0 P 0
L 0.29 1.1912992 0.29 1.2287007 0 P 0
L 0.3012992 1.07 0.3387008 1.07 0 P 0
L 0.3103149 0.54 0.349685 0.54 0 P 0
L 0.32 1.0512992 0.32 1.0887008 0 P 0
L 0.33 0.520315 0.33 0.559685 0 P 0
L 0.3314567 -2.1929134 0.3885433 -2.1929134 0 P 0
L 0.3314567 -2.3070866 0.3314567 -2.1929134 0 P 0
L 0.3314567 -2.3070866 0.3885433 -2.3070866 0 P 0
L 0.3320866 -0.9885433 0.3320866 -0.9314567 0 P 0
L 0.3338977 -1.1647874 0.3338977 -1.0132126 0 P 0
L 0.3396457 1.3167165 0.3396457 1.7812835 0 P 0
L 0.3396457 1.3167165 0.6703543 1.3167165 0 P 0
L 0.3396457 1.7812835 0.6703543 1.7812835 0 P 0
L 0.3412992 -2.25 0.3787008 -2.25 0 P 0
L 0.3414567 -1.0329134 0.3985433 -1.0329134 0 P 0
L 0.3414567 -1.1470866 0.3414567 -1.0329134 0 P 0
L 0.3414567 -1.1470866 0.3985433 -1.1470866 0 P 0
L 0.3512992 -1.09 0.3887008 -1.09 0 P 0
L 0.36 -2.2687008 0.36 -2.2312992 0 P 0
L 0.37 -1.1087008 0.37 -1.0712992 0 P 0
L 0.3770866 1.0414567 0.3770866 1.0985433 0 P 0
L 0.3850787 -1.3078976 0.3850787 -1.1701024 0 P 0
L 0.3885433 -2.3070866 0.3885433 -2.1929134 0 P 0
L 0.3941339 -0.1604725 0.5358661 -0.1604725 0 P 0
L 0.3941339 -0.2195276 0.3941339 -0.1604725 0 P 0
L 0.3941339 -0.2195276 0.5358661 -0.2195276 0 P 0
L 0.3956693 0.7940157 0.3956693 1.0282677 0 P 0
L 0.3985433 -1.1470866 0.3985433 -1.0329134 0 P 0
L 0.3991339 0.8154725 0.3991339 0.8745276 0 P 0
L 0.3991339 0.8154725 0.5408661 0.8154725 0 P 0
L 0.3991339 0.8745276 0.5408661 0.8745276 0 P 0
L 0.3991339 0.9104724 0.3991339 0.9695275 0 P 0
L 0.3991339 0.9104724 0.5408661 0.9104724 0 P 0
L 0.3991339 0.9695275 0.5408661 0.9695275 0 P 0
L 0.3991339 0.9704725 0.3991339 1.0295276 0 P 0
L 0.3991339 0.9704725 0.5408661 0.9704725 0 P 0
L 0.3991339 1.0295276 0.5408661 1.0295276 0 P 0
L 0.4015715 -2.5181464 0.4015715 -2.4118472 0 P 0
L 0.4079134 -0.2864567 0.5220866 -0.2864567 0 P 0
L 0.4079134 -0.3435433 0.4079134 -0.2864567 0 P 0
L 0.4079134 -0.3435433 0.5220866 -0.3435433 0 P 0
L 0.4104724 -1.1681339 0.4695275 -1.1681339 0 P 0
L 0.4104724 -1.3098661 0.4104724 -1.1681339 0 P 0
L 0.4104724 -1.3098661 0.4695275 -1.3098661 0 P 0
L 0.4114567 -1.0329134 0.4685433 -1.0329134 0 P 0
L 0.4114567 -1.1470866 0.4114567 -1.0329134 0 P 0
L 0.4114567 -1.1470866 0.4685433 -1.1470866 0 P 0
L 0.4129134 1.0414567 0.4129134 1.0985433 0 P 0
L 0.4129134 1.0414567 0.5270866 1.0414567 0 P 0
L 0.4129134 1.0985433 0.5270866 1.0985433 0 P 0
L 0.4204724 -2.1791339 0.4795275 -2.1791339 0 P 0
L 0.4204724 -2.3208661 0.4204724 -2.1791339 0 P 0
L 0.4204724 -2.3208661 0.4795275 -2.3208661 0 P 0
L 0.4212992 -1.09 0.4587008 -1.09 0 P 0
L 0.4212992 -1.239 0.4587007 -1.239 0 P 0
L 0.4214567 -2.3729134 0.4785433 -2.3729134 0 P 0
L 0.4214567 -2.4870866 0.4214567 -2.3729134 0 P 0
L 0.4214567 -2.4870866 0.4785433 -2.4870866 0 P 0
L 0.4303543 -1.7812835 0.4303543 -1.3167165 0 P 0
L 0.4312992 -2.25 0.4687007 -2.25 0 P 0
L 0.4312992 -2.43 0.4687008 -2.43 0 P 0
L 0.44 -1.1087008 0.44 -1.0712992 0 P 0
L 0.44 -1.2577008 0.44 -1.2202993 0 P 0
L 0.4462992 -0.315 0.4837008 -0.315 0 P 0
L 0.4462993 -0.19 0.4837008 -0.19 0 P 0
L 0.45 -2.2687008 0.45 -2.2312993 0 P 0
L 0.45 -2.4487008 0.45 -2.4112992 0 P 0
L 0.4512992 0.845 0.4887007 0.845 0 P 0
L 0.4512992 1 0.4887007 1 0 P 0
L 0.4512992 1.07 0.4887008 1.07 0 P 0
L 0.4512993 0.94 0.4887008 0.94 0 P 0
L 0.465 -0.2087008 0.465 -0.1712993 0 P 0
L 0.465 -0.3337008 0.465 -0.2962992 0 P 0
L 0.4685433 -1.1470866 0.4685433 -1.0329134 0 P 0
L 0.4695275 -1.3098661 0.4695275 -1.1681339 0 P 0
L 0.47 0.8262993 0.47 0.8637008 0 P 0
L 0.47 0.9212992 0.47 0.9587007 0 P 0
L 0.47 0.9812993 0.47 1.0187008 0 P 0
L 0.47 1.0512992 0.47 1.0887008 0 P 0
L 0.4785433 -2.4870866 0.4785433 -2.3729134 0 P 0
L 0.4795275 -2.3208661 0.4795275 -2.1791339 0 P 0
L 0.4796457 -1.3167165 0.8103543 -1.3167165 0 P 0
L 0.4796457 -1.7812835 0.4796457 -1.3167165 0 P 0
L 0.4796457 -1.7812835 0.8103543 -1.7812835 0 P 0
L 0.4862993 1.549 0.5237008 1.549 0 P 0
L 0.4868504 1.1115748 0.4868504 1.3084252 0 P 0
L 0.505 1.5302992 0.505 1.5677007 0 P 0
L 0.5114567 -1.0329134 0.5685433 -1.0329134 0 P 0
L 0.5114567 -1.1470866 0.5114567 -1.0329134 0 P 0
L 0.5114567 -1.1470866 0.5685433 -1.1470866 0 P 0
L 0.5150787 -1.1701024 0.7650787 -1.1701024 0 P 0
L 0.5150787 -1.3078976 0.5150787 -1.1701024 0 P 0
L 0.5150787 -1.3078976 0.7650787 -1.3078976 0 P 0
L 0.5212992 -1.09 0.5587008 -1.09 0 P 0
L 0.5220866 -0.3435433 0.5220866 -0.2864567 0 P 0
L 0.5270866 1.0414567 0.5270866 1.0985433 0 P 0
L 0.5347244 0.3195276 0.5347244 0.7604724 0 P 0
L 0.5358661 -0.2195276 0.5358661 -0.1604725 0 P 0
L 0.54 -1.1087008 0.54 -1.0712992 0 P 0
L 0.5408661 0.8154725 0.5408661 0.8745276 0 P 0
L 0.5408661 0.9104724 0.5408661 0.9695275 0 P 0
L 0.5408661 0.9704725 0.5408661 1.0295276 0 P 0
L 0.5685433 -1.1470866 0.5685433 -1.0329134 0 P 0
L 0.5761024 -1.0132126 0.7138977 -1.0132126 0 P 0
L 0.5761024 -1.1647874 0.5761024 -1.0132126 0 P 0
L 0.5761024 -1.1647874 0.7138977 -1.1647874 0 P 0
L 0.6111023 -0.1157874 0.6111023 0.0357874 0 P 0
L 0.6111023 -0.1157874 0.7488976 -0.1157874 0 P 0
L 0.6111023 -0.4842126 0.7488976 -0.4842126 0 P 0
L 0.6111023 -0.6357874 0.6111023 -0.4842126 0 P 0
L 0.6111023 -0.6357874 0.7488976 -0.6357874 0 P 0
L 0.6111023 0.0357874 0.7488976 0.0357874 0 P 0
L 0.6111023 0.4042126 0.6111023 0.5557874 0 P 0
L 0.6111023 0.4042126 0.7488976 0.4042126 0 P 0
L 0.6111023 0.5557874 0.7488976 0.5557874 0 P 0
L 0.6111023 0.9242126 0.6111023 1.0757874 0 P 0
L 0.6111023 0.9242126 0.7488976 0.9242126 0 P 0
L 0.6111023 1.0757874 0.7488976 1.0757874 0 P 0
L 0.6164567 -0.1279528 0.9235433 -0.1279528 0 P 0
L 0.6164567 -0.3720472 0.6164567 -0.1279528 0 P 0
L 0.6164567 -0.3720472 0.9235433 -0.3720472 0 P 0
L 0.6164567 -0.6479528 0.9235433 -0.6479528 0 P 0
L 0.6164567 -0.8920472 0.6164567 -0.6479528 0 P 0
L 0.6164567 -0.8920472 0.9235433 -0.8920472 0 P 0
L 0.6164567 0.1479528 0.6164567 0.3920472 0 P 0
L 0.6164567 0.1479528 0.9235433 0.1479528 0 P 0
L 0.6164567 0.3920472 0.9235433 0.3920472 0 P 0
L 0.6164567 0.6679528 0.6164567 0.9120472 0 P 0
L 0.6164567 0.6679528 0.9235433 0.6679528 0 P 0
L 0.6164567 0.9120472 0.9235433 0.9120472 0 P 0
L 0.6229134 -0.4214567 0.7370866 -0.4214567 0 P 0
L 0.6229134 -0.4785433 0.6229134 -0.4214567 0 P 0
L 0.6229134 -0.4785433 0.7370866 -0.4785433 0 P 0
L 0.6229134 0.0414567 0.6229134 0.0985433 0 P 0
L 0.6229134 0.0414567 0.7370866 0.0414567 0 P 0
L 0.6229134 0.0985433 0.7370866 0.0985433 0 P 0
L 0.6229134 0.5614567 0.6229134 0.6185433 0 P 0
L 0.6229134 0.5614567 0.7370866 0.5614567 0 P 0
L 0.6229134 0.6185433 0.7370866 0.6185433 0 P 0
L 0.6229134 1.0814567 0.6229134 1.1385433 0 P 0
L 0.6229134 1.0814567 0.7370866 1.0814567 0 P 0
L 0.6229134 1.1385433 0.7370866 1.1385433 0 P 0
L 0.6253149 -1.239 0.664685 -1.239 0 P 0
L 0.625315 -1.089 0.6646851 -1.089 0 P 0
L 0.6262992 -1.549 0.6637007 -1.549 0 P 0
L 0.645 -1.108685 0.645 -1.069315 0 P 0
L 0.645 -1.258685 0.645 -1.2193149 0 P 0
L 0.645 -1.5677007 0.645 -1.5302992 0 P 0
L 0.6603149 -0.04 0.699685 -0.04 0 P 0
L 0.6603149 -0.56 0.699685 -0.56 0 P 0
L 0.6603149 0.48 0.699685 0.48 0 P 0
L 0.6603149 1 0.699685 1 0 P 0
L 0.6612992 -0.45 0.6987008 -0.45 0 P 0
L 0.6612992 0.07 0.6987008 0.07 0 P 0
L 0.6612992 0.59 0.6987008 0.59 0 P 0
L 0.6612992 1.11 0.6987008 1.11 0 P 0
L 0.6703543 1.3167165 0.6703543 1.7812835 0 P 0
L 0.68 -0.059685 0.68 -0.020315 0 P 0
L 0.68 -0.4687008 0.68 -0.4312992 0 P 0
L 0.68 -0.579685 0.68 -0.540315 0 P 0
L 0.68 0.0512992 0.68 0.0887008 0 P 0
L 0.68 0.460315 0.68 0.499685 0 P 0
L 0.68 0.5712992 0.68 0.6087008 0 P 0
L 0.68 0.980315 0.68 1.019685 0 P 0
L 0.68 1.0912992 0.68 1.1287008 0 P 0
L 0.7138977 -1.1647874 0.7138977 -1.0132126 0 P 0
L 0.7214567 -1.0329134 0.7785433 -1.0329134 0 P 0
L 0.7214567 -1.1470866 0.7214567 -1.0329134 0 P 0
L 0.7214567 -1.1470866 0.7785433 -1.1470866 0 P 0
L 0.7227165 1.3167165 0.7227165 1.7812835 0 P 0
L 0.7227165 1.3167165 1.1872835 1.3167165 0 P 0
L 0.7227165 1.7812835 1.1872835 1.7812835 0 P 0
L 0.7312992 -1.09 0.7687008 -1.09 0 P 0
L 0.7370866 -0.4785433 0.7370866 -0.4214567 0 P 0
L 0.7370866 0.0414567 0.7370866 0.0985433 0 P 0
L 0.7370866 0.5614567 0.7370866 0.6185433 0 P 0
L 0.7370866 1.0814567 0.7370866 1.1385433 0 P 0
L 0.7488976 -0.1157874 0.7488976 0.0357874 0 P 0
L 0.7488976 -0.6357874 0.7488976 -0.4842126 0 P 0
L 0.7488976 0.4042126 0.7488976 0.5557874 0 P 0
L 0.7488976 0.9242126 0.7488976 1.0757874 0 P 0
L 0.75 -1.1087008 0.75 -1.0712992 0 P 0
L 0.750315 -0.25 0.789685 -0.25 0 P 0
L 0.750315 -0.77 0.789685 -0.77 0 P 0
L 0.750315 0.27 0.789685 0.27 0 P 0
L 0.750315 0.79 0.789685 0.79 0 P 0
L 0.7650787 -1.3078976 0.7650787 -1.1701024 0 P 0
L 0.77 -0.269685 0.77 -0.230315 0 P 0
L 0.77 -0.789685 0.77 -0.750315 0 P 0
L 0.77 0.250315 0.77 0.289685 0 P 0
L 0.77 0.770315 0.77 0.809685 0 P 0
L 0.7785433 -1.1470866 0.7785433 -1.0329134 0 P 0
L 0.7904724 -1.1681339 0.8495275 -1.1681339 0 P 0
L 0.7904724 -1.3098661 0.7904724 -1.1681339 0 P 0
L 0.7904724 -1.3098661 0.8495275 -1.3098661 0 P 0
L 0.7911024 -0.1157874 0.7911024 0.0357874 0 P 0
L 0.7911024 -0.1157874 0.9288977 -0.1157874 0 P 0
L 0.7911024 -0.4842126 0.9288977 -0.4842126 0 P 0
L 0.7911024 -0.6357874 0.7911024 -0.4842126 0 P 0
L 0.7911024 -0.6357874 0.9288977 -0.6357874 0 P 0
L 0.7911024 0.0357874 0.9288977 0.0357874 0 P 0
L 0.7911024 0.4042126 0.7911024 0.5557874 0 P 0
L 0.7911024 0.4042126 0.9288977 0.4042126 0 P 0
L 0.7911024 0.5557874 0.9288977 0.5557874 0 P 0
L 0.7911024 0.9242126 0.7911024 1.0757874 0 P 0
L 0.7911024 0.9242126 0.9288977 0.9242126 0 P 0
L 0.7911024 1.0757874 0.9288977 1.0757874 0 P 0
L 0.7914567 -1.0329134 0.8485433 -1.0329134 0 P 0
L 0.7914567 -1.1470866 0.7914567 -1.0329134 0 P 0
L 0.7914567 -1.1470866 0.8485433 -1.1470866 0 P 0
L 0.8012992 -1.09 0.8387008 -1.09 0 P 0
L 0.8012992 -1.239 0.8387007 -1.239 0 P 0
L 0.8029134 -0.4214567 0.9170866 -0.4214567 0 P 0
L 0.8029134 -0.4785433 0.8029134 -0.4214567 0 P 0
L 0.8029134 -0.4785433 0.9170866 -0.4785433 0 P 0
L 0.8029134 0.0414567 0.8029134 0.0985433 0 P 0
L 0.8029134 0.0414567 0.9170866 0.0414567 0 P 0
L 0.8029134 0.0985433 0.9170866 0.0985433 0 P 0
L 0.8029134 0.5614567 0.8029134 0.6185433 0 P 0
L 0.8029134 0.5614567 0.9170866 0.5614567 0 P 0
L 0.8029134 0.6185433 0.9170866 0.6185433 0 P 0
L 0.8029134 1.0814567 0.8029134 1.1385433 0 P 0
L 0.8029134 1.0814567 0.9170866 1.0814567 0 P 0
L 0.8029134 1.1385433 0.9170866 1.1385433 0 P 0
L 0.8103543 -1.7812835 0.8103543 -1.3167165 0 P 0
L 0.82 -1.1087008 0.82 -1.0712992 0 P 0
L 0.82 -1.2577008 0.82 -1.2202993 0 P 0
L 0.840315 -0.04 0.8796851 -0.04 0 P 0
L 0.840315 -0.56 0.8796851 -0.56 0 P 0
L 0.840315 0.48 0.8796851 0.48 0 P 0
L 0.840315 1 0.8796851 1 0 P 0
L 0.8412992 -0.45 0.8787008 -0.45 0 P 0
L 0.8412992 0.07 0.8787008 0.07 0 P 0
L 0.8412992 0.59 0.8787008 0.59 0 P 0
L 0.8412992 1.11 0.8787008 1.11 0 P 0
L 0.8485433 -1.1470866 0.8485433 -1.0329134 0 P 0
L 0.8495275 -1.3098661 0.8495275 -1.1681339 0 P 0
L 0.8596457 -1.3167165 1.1903543 -1.3167165 0 P 0
L 0.8596457 -1.7812835 0.8596457 -1.3167165 0 P 0
L 0.8596457 -1.7812835 1.1903543 -1.7812835 0 P 0
L 0.86 -0.059685 0.86 -0.020315 0 P 0
L 0.86 -0.4687008 0.86 -0.4312992 0 P 0
L 0.86 -0.579685 0.86 -0.540315 0 P 0
L 0.86 0.0512992 0.86 0.0887008 0 P 0
L 0.86 0.460315 0.86 0.499685 0 P 0
L 0.86 0.5712992 0.86 0.6087008 0 P 0
L 0.86 0.980315 0.86 1.019685 0 P 0
L 0.86 1.0912992 0.86 1.1287008 0 P 0
L 0.8900787 1.1411024 0.8900787 1.2788976 0 P 0
L 0.8900787 1.1411024 1.1400787 1.1411024 0 P 0
L 0.8900787 1.2788976 1.1400787 1.2788976 0 P 0
L 0.8914567 -1.0329134 0.9485433 -1.0329134 0 P 0
L 0.8914567 -1.1470866 0.8914567 -1.0329134 0 P 0
L 0.8914567 -1.1470866 0.9485433 -1.1470866 0 P 0
L 0.8950787 -1.1701024 1.1450787 -1.1701024 0 P 0
L 0.8950787 -1.3078976 0.8950787 -1.1701024 0 P 0
L 0.8950787 -1.3078976 1.1450787 -1.3078976 0 P 0
L 0.9012992 -1.09 0.9387008 -1.09 0 P 0
L 0.9170866 -0.4785433 0.9170866 -0.4214567 0 P 0
L 0.9170866 0.0414567 0.9170866 0.0985433 0 P 0
L 0.9170866 0.5614567 0.9170866 0.6185433 0 P 0
L 0.9170866 1.0814567 0.9170866 1.1385433 0 P 0
L 0.92 -1.1087008 0.92 -1.0712992 0 P 0
L 0.9235433 -0.3720472 0.9235433 -0.1279528 0 P 0
L 0.9235433 -0.8920472 0.9235433 -0.6479528 0 P 0
L 0.9235433 0.1479528 0.9235433 0.3920472 0 P 0
L 0.9235433 0.6679528 0.9235433 0.9120472 0 P 0
L 0.9288977 -0.1157874 0.9288977 0.0357874 0 P 0
L 0.9288977 -0.6357874 0.9288977 -0.4842126 0 P 0
L 0.9288977 0.4042126 0.9288977 0.5557874 0 P 0
L 0.9288977 0.9242126 0.9288977 1.0757874 0 P 0
L 0.9362993 1.549 0.9737008 1.549 0 P 0
L 0.9485433 -1.1470866 0.9485433 -1.0329134 0 P 0
L 0.955 1.5302992 0.955 1.5677007 0 P 0
L 0.9561024 -1.0132126 1.0938977 -1.0132126 0 P 0
L 0.9561024 -1.1647874 0.9561024 -1.0132126 0 P 0
L 0.9561024 -1.1647874 1.0938977 -1.1647874 0 P 0
L 0.9661417 -0.3717244 0.9661417 0.0928425 0 P 0
L 0.9661417 -0.3717244 1.2338583 -0.3717244 0 P 0
L 0.9661417 -0.4271575 1.2338583 -0.4271575 0 P 0
L 0.9661417 -0.8917244 0.9661417 -0.4271575 0 P 0
L 0.9661417 -0.8917244 1.2338583 -0.8917244 0 P 0
L 0.9661417 0.0928425 1.2338583 0.0928425 0 P 0
L 0.9661417 0.1482756 0.9661417 0.6128425 0 P 0
L 0.9661417 0.1482756 1.2338583 0.1482756 0 P 0
L 0.9661417 0.6128425 1.2338583 0.6128425 0 P 0
L 0.9661417 0.6682756 0.9661417 1.1328425 0 P 0
L 0.9661417 0.6682756 1.2338583 0.6682756 0 P 0
L 0.9661417 1.1328425 1.2338583 1.1328425 0 P 0
L 1.0003149 1.21 1.039685 1.21 0 P 0
L 1.0053149 -1.239 1.044685 -1.239 0 P 0
L 1.005315 -1.089 1.0446851 -1.089 0 P 0
L 1.0062992 -1.549 1.0437007 -1.549 0 P 0
L 1.02 1.190315 1.02 1.2296851 0 P 0
L 1.025 -1.108685 1.025 -1.069315 0 P 0
L 1.025 -1.258685 1.025 -1.2193149 0 P 0
L 1.025 -1.5677007 1.025 -1.5302992 0 P 0
L 1.0803149 -0.167 1.119685 -0.167 0 P 0
L 1.0803149 -0.687 1.119685 -0.687 0 P 0
L 1.0803149 0.353 1.119685 0.353 0 P 0
L 1.0803149 0.873 1.119685 0.873 0 P 0
L 1.0938977 -1.1647874 1.0938977 -1.0132126 0 P 0
L 1.1 -0.186685 1.1 -0.1473149 0 P 0
L 1.1 -0.706685 1.1 -0.6673149 0 P 0
L 1.1 0.333315 1.1 0.3726851 0 P 0
L 1.1 0.853315 1.1 0.8926851 0 P 0
L 1.1014567 -1.0329134 1.1585433 -1.0329134 0 P 0
L 1.1014567 -1.1470866 1.1014567 -1.0329134 0 P 0
L 1.1014567 -1.1470866 1.1585433 -1.1470866 0 P 0
L 1.1112992 -1.09 1.1487008 -1.09 0 P 0
L 1.13 -1.1087008 1.13 -1.0712992 0 P 0
L 1.1400787 1.1411024 1.1400787 1.2788976 0 P 0
L 1.1450787 -1.3078976 1.1450787 -1.1701024 0 P 0
L 1.1585433 -1.1470866 1.1585433 -1.0329134 0 P 0
L 1.1704724 -1.1681339 1.2295275 -1.1681339 0 P 0
L 1.1704724 -1.3098661 1.1704724 -1.1681339 0 P 0
L 1.1704724 -1.3098661 1.2295275 -1.3098661 0 P 0
L 1.1714567 -1.0329134 1.2285433 -1.0329134 0 P 0
L 1.1714567 -1.1470866 1.1714567 -1.0329134 0 P 0
L 1.1714567 -1.1470866 1.2285433 -1.1470866 0 P 0
L 1.1812992 -1.09 1.2187008 -1.09 0 P 0
L 1.1812992 -1.239 1.2187007 -1.239 0 P 0
L 1.1872835 1.3167165 1.1872835 1.7812835 0 P 0
L 1.1903543 -1.7812835 1.1903543 -1.3167165 0 P 0
L 1.2 -1.1087008 1.2 -1.0712992 0 P 0
L 1.2 -1.2577008 1.2 -1.2202993 0 P 0
L 1.2285433 -1.1470866 1.2285433 -1.0329134 0 P 0
L 1.2295275 -1.3098661 1.2295275 -1.1681339 0 P 0
L 1.2338583 -0.3717244 1.2338583 0.0928425 0 P 0
L 1.2338583 -0.8917244 1.2338583 -0.4271575 0 P 0
L 1.2338583 0.1482756 1.2338583 0.6128425 0 P 0
L 1.2338583 0.6682756 1.2338583 1.1328425 0 P 0
L 1.2747165 -0.4622835 1.2747165 0.0022835 0 P 0
L 1.2747165 -0.4622835 1.7392835 -0.4622835 0 P 0
L 1.2747165 -0.5177165 1.7392835 -0.5177165 0 P 0
L 1.2747165 -0.9822835 1.2747165 -0.5177165 0 P 0
L 1.2747165 -0.9822835 1.7392835 -0.9822835 0 P 0
L 1.2747165 0.0022835 1.7392835 0.0022835 0 P 0
L 1.2747165 0.0577165 1.2747165 0.5222835 0 P 0
L 1.2747165 0.0577165 1.7392835 0.0577165 0 P 0
L 1.2747165 0.5222835 1.7392835 0.5222835 0 P 0
L 1.2747165 0.5777165 1.2747165 1.0422835 0 P 0
L 1.2747165 0.5777165 1.7392835 0.5777165 0 P 0
L 1.2747165 1.0422835 1.7392835 1.0422835 0 P 0
L 1.4882992 -0.23 1.5257007 -0.23 0 P 0
L 1.4882992 -0.75 1.5257007 -0.75 0 P 0
L 1.4882992 0.29 1.5257007 0.29 0 P 0
L 1.4882992 0.81 1.5257007 0.81 0 P 0
L 1.507 -0.2487008 1.507 -0.2112993 0 P 0
L 1.507 -0.7687008 1.507 -0.7312993 0 P 0
L 1.507 0.2712992 1.507 0.3087007 0 P 0
L 1.507 0.7912992 1.507 0.8287007 0 P 0
L 1.7392835 -0.4622835 1.7392835 0.0022835 0 P 0
L 1.7392835 -0.9822835 1.7392835 -0.5177165 0 P 0
L 1.7392835 0.0577165 1.7392835 0.5222835 0 P 0
L 1.7392835 0.5777165 1.7392835 1.0422835 0 P 0
L 1.8454409 -1.1174607 1.8828425 -1.1174607 0 P 0
L 1.8454409 -1.1874607 1.8828425 -1.1874607 0 P 0
L 1.8454409 -1.2574607 1.8828425 -1.2574607 0 P 0
L 1.8454409 -1.3274607 1.8828425 -1.3274607 0 P 0
L 1.8641417 -1.1361615 1.8641417 -1.0987599 0 P 0
L 1.8641417 -1.2061615 1.8641417 -1.1687599 0 P 0
L 1.8641417 -1.2761615 1.8641417 -1.2387599 0 P 0
L 1.8641417 -1.3461615 1.8641417 -1.3087599 0 P 0
L 1.9154409 -1.1174607 1.9528425 -1.1174607 0 P 0
L 1.9341417 -1.1361615 1.9341417 -1.0987599 0 P 0
L 1.9854409 -1.1174607 2.0228425 -1.1174607 0 P 0
L 2.0041417 -1.1361615 2.0041417 -1.0987599 0 P 0
