#Layer_Color=9474304
#
#Feature symbol names
#
$0 r5

#
#Feature attribute names
#

#
#Layer features
#
L -0.005 -0.545 -0.005 -0.535 0 P 0
L -0.005 -1.68 -0.005 -1.67 0 P 0
L -0.005 0.235 -0.005 0.245 0 P 0
L -0.005 2.545 0.005 2.545 0 P 0
L -0.01 -0.54 0 -0.54 0 P 0
L -0.01 -1.595 -0.01 -1.585 0 P 0
L -0.01 -1.675 0 -1.675 0 P 0
L -0.01 0.24 0 0.24 0 P 0
L -0.015 -1.59 -0.005 -1.59 0 P 0
L -0.0298586 -2.55 -0.0298586 -2.54 0 P 0
L -0.03 0.275 -0.03 0.285 0 P 0
L -0.03 1.885 -0.03 1.895 0 P 0
L -0.0348586 -2.545 -0.0248586 -2.545 0 P 0
L -0.035 0.28 -0.025 0.28 0 P 0
L -0.035 1.89 -0.025 1.89 0 P 0
L -0.04 -0.325 -0.04 -0.315 0 P 0
L -0.04 -0.385 -0.04 -0.375 0 P 0
L -0.0432126 -1.192437 -0.0432126 -1.167437 0 P 0
L -0.045 -0.32 -0.035 -0.32 0 P 0
L -0.045 -0.38 -0.035 -0.38 0 P 0
L -0.0498425 0.05 -0.0498425 0.06 0 P 0
L -0.0498425 0.09 -0.0498425 0.1 0 P 0
L -0.0548425 0.055 -0.0448425 0.055 0 P 0
L -0.0548425 0.095 -0.0448425 0.095 0 P 0
L -0.0557126 -1.179937 -0.0307126 -1.179937 0 P 0
L -0.059375 2.54 -0.059375 2.55 0 P 0
L -0.064375 2.545 -0.054375 2.545 0 P 0
L -0.075 -0.545 -0.075 -0.535 0 P 0
L -0.08 -0.54 -0.07 -0.54 0 P 0
L -0.0892126 0.09 -0.0892126 0.1 0 P 0
L -0.0892126 0.1947641 -0.0892126 0.2047641 0 P 0
L -0.0895728 -2.55 -0.0895728 -2.54 0 P 0
L -0.09 1.885 -0.09 1.895 0 P 0
L -0.0942126 0.095 -0.0842126 0.095 0 P 0
L -0.0942126 0.1997641 -0.0842126 0.1997641 0 P 0
L -0.0945728 -2.545 -0.0845728 -2.545 0 P 0
L -0.095 1.89 -0.085 1.89 0 P 0
L -0.1 -0.705 -0.1 -0.695 0 P 0
L -0.1 2.295 -0.1 2.305 0 P 0
L -0.1 2.445 -0.1 2.455 0 P 0
L -0.1005118 -1.6747441 -0.1005118 -1.6647441 0 P 0
L -0.105 -0.7 -0.095 -0.7 0 P 0
L -0.105 2.3 -0.095 2.3 0 P 0
L -0.105 2.45 -0.095 2.45 0 P 0
L -0.1055118 -1.6697441 -0.0955118 -1.6697441 0 P 0
L -0.1076378 -0.965 -0.1076378 -0.955 0 P 0
L -0.1076378 -1.005 -0.1076378 -0.995 0 P 0
L -0.1088976 0.255 -0.1088976 0.265 0 P 0
L -0.1088976 0.295 -0.1088976 0.305 0 P 0
L -0.11 0.3675 -0.11 0.3925 0 P 0
L -0.11 0.5175 -0.11 0.5425 0 P 0
L -0.11 0.6675 -0.11 0.6925 0 P 0
L -0.11 0.8775 -0.11 0.9025 0 P 0
L -0.11 1.0175 -0.11 1.0425 0 P 0
L -0.11 2.1139961 -0.11 2.1239961 0 P 0
L -0.1126378 -0.96 -0.1026378 -0.96 0 P 0
L -0.1126378 -1 -0.1026378 -1 0 P 0
L -0.1138976 0.26 -0.1038976 0.26 0 P 0
L -0.1138976 0.3 -0.1038976 0.3 0 P 0
L -0.115 2.1189961 -0.105 2.1189961 0 P 0
L -0.11875 2.54 -0.11875 2.55 0 P 0
L -0.12 -1.71 -0.12 -1.7 0 P 0
L -0.12 -2.155 -0.12 -2.145 0 P 0
L -0.12 0.1955515 -0.12 0.2055515 0 P 0
L -0.1225 0.38 -0.0975 0.38 0 P 0
L -0.1225 0.53 -0.0975 0.53 0 P 0
L -0.1225 0.68 -0.0975 0.68 0 P 0
L -0.1225 0.89 -0.0975 0.89 0 P 0
L -0.1225 1.03 -0.0975 1.03 0 P 0
L -0.12375 2.545 -0.11375 2.545 0 P 0
L -0.125 -1.705 -0.115 -1.705 0 P 0
L -0.125 -2.15 -0.115 -2.15 0 P 0
L -0.125 0.2005515 -0.115 0.2005515 0 P 0
L -0.1285827 -0.805 -0.1285827 -0.795 0 P 0
L -0.1285827 0.09 -0.1285827 0.1 0 P 0
L -0.1335827 -0.8 -0.1235827 -0.8 0 P 0
L -0.1335827 0.095 -0.1235827 0.095 0 P 0
L -0.149287 -2.55 -0.149287 -2.54 0 P 0
L -0.15 1.885 -0.15 1.895 0 P 0
L -0.15 2.2154086 -0.15 2.2254086 0 P 0
L -0.15 2.27 -0.15 2.28 0 P 0
L -0.15 2.405 -0.15 2.415 0 P 0
L -0.1524015 -1.095 -0.1524015 -1.085 0 P 0
L -0.154287 -2.545 -0.144287 -2.545 0 P 0
L -0.155 1.89 -0.145 1.89 0 P 0
L -0.155 2.2204086 -0.145 2.2204086 0 P 0
L -0.155 2.275 -0.145 2.275 0 P 0
L -0.155 2.41 -0.145 2.41 0 P 0
L -0.1574015 -1.09 -0.1474015 -1.09 0 P 0
L -0.16 1.065 -0.16 1.075 0 P 0
L -0.165 1.07 -0.155 1.07 0 P 0
L -0.1679528 -0.805 -0.1679528 -0.795 0 P 0
L -0.1679528 0.09 -0.1679528 0.1 0 P 0
L -0.1729528 -0.8 -0.1629528 -0.8 0 P 0
L -0.1729528 0.095 -0.1629528 0.095 0 P 0
L -0.175 -0.085 -0.175 -0.075 0 P 0
L -0.178125 2.54 -0.178125 2.55 0 P 0
L -0.18 -0.08 -0.17 -0.08 0 P 0
L -0.183125 2.545 -0.173125 2.545 0 P 0
L -0.1876378 0.1947568 -0.1876378 0.2047568 0 P 0
L -0.19 -0.756243 -0.19 -0.746243 0 P 0
L -0.1926378 0.1997568 -0.1826378 0.1997568 0 P 0
L -0.195 -0.751243 -0.185 -0.751243 0 P 0
L -0.2 -0.695 -0.2 -0.685 0 P 0
L -0.205 -0.69 -0.195 -0.69 0 P 0
L -0.2073228 0.09 -0.2073228 0.1 0 P 0
L -0.2089961 0.81 -0.2089961 0.82 0 P 0
L -0.2090012 -2.55 -0.2090012 -2.54 0 P 0
L -0.21 1.885 -0.21 1.895 0 P 0
L -0.21 2.215 -0.21 2.225 0 P 0
L -0.21 2.405 -0.21 2.415 0 P 0
L -0.2123228 0.095 -0.2023228 0.095 0 P 0
L -0.2139961 0.815 -0.2039961 0.815 0 P 0
L -0.2140012 -2.545 -0.2040012 -2.545 0 P 0
L -0.215 1.89 -0.205 1.89 0 P 0
L -0.215 2.22 -0.205 2.22 0 P 0
L -0.215 2.41 -0.205 2.41 0 P 0
L -0.225 -0.06 -0.225 -0.05 0 P 0
L -0.225 -0.14 -0.225 -0.13 0 P 0
L -0.23 -0.055 -0.22 -0.055 0 P 0
L -0.23 -0.135 -0.22 -0.135 0 P 0
L -0.2375 2.54 -0.2375 2.55 0 P 0
L -0.24 -0.495 -0.24 -0.485 0 P 0
L -0.24 0.1955515 -0.24 0.2055515 0 P 0
L -0.2425 2.545 -0.2325 2.545 0 P 0
L -0.245 -0.49 -0.235 -0.49 0 P 0
L -0.245 0.2005515 -0.235 0.2005515 0 P 0
L -0.2466929 0.09 -0.2466929 0.1 0 P 0
L -0.2516929 0.095 -0.2416929 0.095 0 P 0
L -0.26 -2.1625 -0.26 -2.1375 0 P 0
L -0.2608661 -1.895 -0.2608661 -1.885 0 P 0
L -0.265 -0.045 -0.265 -0.035 0 P 0
L -0.265 -0.155 -0.265 -0.145 0 P 0
L -0.265 0.05 -0.265 0.06 0 P 0
L -0.2658661 -1.89 -0.2558661 -1.89 0 P 0
L -0.266378 0.3060039 -0.266378 0.3160039 0 P 0
L -0.2687154 -2.55 -0.2687154 -2.54 0 P 0
L -0.27 -0.04 -0.26 -0.04 0 P 0
L -0.27 -0.15 -0.26 -0.15 0 P 0
L -0.27 -0.655 -0.27 -0.645 0 P 0
L -0.27 -0.9 -0.27 -0.89 0 P 0
L -0.27 -0.975 -0.27 -0.965 0 P 0
L -0.27 0.055 -0.26 0.055 0 P 0
L -0.27 1.885 -0.27 1.895 0 P 0
L -0.27 2.215 -0.27 2.225 0 P 0
L -0.27 2.405 -0.27 2.415 0 P 0
L -0.271378 0.3110039 -0.261378 0.3110039 0 P 0
L -0.2725 -2.15 -0.2475 -2.15 0 P 0
L -0.2737154 -2.545 -0.2637154 -2.545 0 P 0
L -0.275 -0.65 -0.265 -0.65 0 P 0
L -0.275 -0.895 -0.265 -0.895 0 P 0
L -0.275 -0.97 -0.265 -0.97 0 P 0
L -0.275 1.89 -0.265 1.89 0 P 0
L -0.275 2.22 -0.265 2.22 0 P 0
L -0.275 2.41 -0.265 2.41 0 P 0
L -0.29 -0.465 -0.29 -0.455 0 P 0
L -0.29 0.195 -0.29 0.205 0 P 0
L -0.295 -0.46 -0.285 -0.46 0 P 0
L -0.295 -0.67 -0.295 -0.66 0 P 0
L -0.295 0.05 -0.295 0.06 0 P 0
L -0.295 0.2 -0.285 0.2 0 P 0
L -0.2950896 -0.91 -0.2950896 -0.9 0 P 0
L -0.296875 2.54 -0.296875 2.55 0 P 0
L -0.3 -0.665 -0.29 -0.665 0 P 0
L -0.3 0.055 -0.29 0.055 0 P 0
L -0.3 2.445 -0.3 2.455 0 P 0
L -0.3000896 -0.905 -0.2900896 -0.905 0 P 0
L -0.301875 2.545 -0.291875 2.545 0 P 0
L -0.305 -0.0605 -0.305 -0.0505 0 P 0
L -0.305 -0.14 -0.305 -0.13 0 P 0
L -0.305 -0.345 -0.305 -0.335 0 P 0
L -0.305 -0.375 -0.305 -0.365 0 P 0
L -0.305 -0.405 -0.305 -0.395 0 P 0
L -0.305 2.45 -0.295 2.45 0 P 0
L -0.3050896 -0.775 -0.3050896 -0.765 0 P 0
L -0.31 -0.0555 -0.3 -0.0555 0 P 0
L -0.31 -0.135 -0.3 -0.135 0 P 0
L -0.31 -0.34 -0.3 -0.34 0 P 0
L -0.31 -0.37 -0.3 -0.37 0 P 0
L -0.31 -0.4 -0.3 -0.4 0 P 0
L -0.31 -0.695 -0.31 -0.685 0 P 0
L -0.31 -0.95 -0.31 -0.94 0 P 0
L -0.31 -1.02 -0.31 -1.01 0 P 0
L -0.3100896 -0.77 -0.3000896 -0.77 0 P 0
L -0.315 -0.69 -0.305 -0.69 0 P 0
L -0.315 -0.945 -0.305 -0.945 0 P 0
L -0.315 -1.015 -0.305 -1.015 0 P 0
L -0.325 0.05 -0.325 0.06 0 P 0
L -0.3284296 -2.55 -0.3284296 -2.54 0 P 0
L -0.33 -0.8068159 -0.33 -0.7968159 0 P 0
L -0.33 0.055 -0.32 0.055 0 P 0
L -0.33 1.885 -0.33 1.895 0 P 0
L -0.33 2.27 -0.33 2.28 0 P 0
L -0.33 2.405 -0.33 2.415 0 P 0
L -0.3334296 -2.545 -0.3234296 -2.545 0 P 0
L -0.335 -0.8018159 -0.325 -0.8018159 0 P 0
L -0.335 1.89 -0.325 1.89 0 P 0
L -0.335 2.275 -0.325 2.275 0 P 0
L -0.335 2.41 -0.325 2.41 0 P 0
L -0.34 -0.73 -0.34 -0.72 0 P 0
L -0.345 -0.155 -0.345 -0.145 0 P 0
L -0.345 -0.725 -0.335 -0.725 0 P 0
L -0.35 -0.15 -0.34 -0.15 0 P 0
L -0.35 -1.02 -0.35 -1.01 0 P 0
L -0.355 -1.015 -0.345 -1.015 0 P 0
L -0.355 0.09 -0.355 0.1 0 P 0
L -0.35625 2.54 -0.35625 2.55 0 P 0
L -0.36 0.095 -0.35 0.095 0 P 0
L -0.36125 2.545 -0.35125 2.545 0 P 0
L -0.365 -0.745 -0.365 -0.735 0 P 0
L -0.3657583 -0.5520079 -0.3657583 -0.5420079 0 P 0
L -0.37 -0.74 -0.36 -0.74 0 P 0
L -0.3707583 -0.5470079 -0.3607583 -0.5470079 0 P 0
L -0.38 -0.77 -0.38 -0.76 0 P 0
L -0.3844882 0.1947568 -0.3844882 0.2047568 0 P 0
L -0.385 -0.765 -0.375 -0.765 0 P 0
L -0.385 2.23 -0.385 2.24 0 P 0
L -0.3881438 -2.55 -0.3881438 -2.54 0 P 0
L -0.3894882 0.1997568 -0.3794882 0.1997568 0 P 0
L -0.39 2.235 -0.38 2.235 0 P 0
L -0.39 2.405 -0.39 2.415 0 P 0
L -0.3931438 -2.545 -0.3831438 -2.545 0 P 0
L -0.395 0.05 -0.395 0.06 0 P 0
L -0.395 2.41 -0.385 2.41 0 P 0
L -0.4 -0.585 -0.4 -0.575 0 P 0
L -0.4 0.055 -0.39 0.055 0 P 0
L -0.4041732 0.255 -0.4041732 0.265 0 P 0
L -0.4041732 0.295 -0.4041732 0.305 0 P 0
L -0.405 -0.58 -0.395 -0.58 0 P 0
L -0.4091732 0.26 -0.3991732 0.26 0 P 0
L -0.4091732 0.3 -0.3991732 0.3 0 P 0
L -0.41 -0.8 -0.41 -0.79 0 P 0
L -0.41 0.075 -0.41 0.085 0 P 0
L -0.4134252 1.835 -0.4134252 1.845 0 P 0
L -0.415 -0.795 -0.405 -0.795 0 P 0
L -0.415 0.08 -0.405 0.08 0 P 0
L -0.415625 2.54 -0.415625 2.55 0 P 0
L -0.4184252 1.84 -0.4084252 1.84 0 P 0
L -0.42 -0.005 -0.42 0.005 0 P 0
L -0.42 -2.4699967 -0.42 -2.4599967 0 P 0
L -0.420625 2.545 -0.410625 2.545 0 P 0
L -0.4232126 -1.192437 -0.4232126 -1.167437 0 P 0
L -0.425 -2.4649967 -0.415 -2.4649967 0 P 0
L -0.425 0 -0.415 0 0 P 0
L -0.4285039 2.0835039 -0.4285039 2.0935039 0 P 0
L -0.4285039 2.1464961 -0.4285039 2.1564961 0 P 0
L -0.43 -0.175 -0.43 -0.165 0 P 0
L -0.43 -0.205 -0.43 -0.195 0 P 0
L -0.43 -0.275 -0.43 -0.265 0 P 0
L -0.43 0.8075 -0.43 0.8325 0 P 0
L -0.43 1.0075 -0.43 1.0325 0 P 0
L -0.4326451 -0.6175 -0.4326451 -0.6075 0 P 0
L -0.4335039 2.0885039 -0.4235039 2.0885039 0 P 0
L -0.4335039 2.1514961 -0.4235039 2.1514961 0 P 0
L -0.435 -0.17 -0.425 -0.17 0 P 0
L -0.435 -0.2 -0.425 -0.2 0 P 0
L -0.435 -0.27 -0.425 -0.27 0 P 0
L -0.435 -0.905 -0.435 -0.895 0 P 0
L -0.4357126 -1.179937 -0.4107126 -1.179937 0 P 0
L -0.4376451 -0.6125 -0.4276451 -0.6125 0 P 0
L -0.44 -0.9 -0.43 -0.9 0 P 0
L -0.44 0.015 -0.44 0.025 0 P 0
L -0.44 1.3875 -0.44 1.4125 0 P 0
L -0.44 1.4475 -0.44 1.4725 0 P 0
L -0.44 1.5075 -0.44 1.5325 0 P 0
L -0.44 1.5675 -0.44 1.5925 0 P 0
L -0.44 1.6275 -0.44 1.6525 0 P 0
L -0.44 1.955 -0.44 1.965 0 P 0
L -0.4425 0.82 -0.4175 0.82 0 P 0
L -0.4425 1.02 -0.4175 1.02 0 P 0
L -0.4448031 -0.965 -0.4448031 -0.955 0 P 0
L -0.4448031 -1.005 -0.4448031 -0.995 0 P 0
L -0.445 0.02 -0.435 0.02 0 P 0
L -0.445 1.96 -0.435 1.96 0 P 0
L -0.447858 -2.55 -0.447858 -2.54 0 P 0
L -0.4498031 -0.96 -0.4398031 -0.96 0 P 0
L -0.4498031 -1 -0.4398031 -1 0 P 0
L -0.45 -0.47 -0.45 -0.46 0 P 0
L -0.45 2.405 -0.45 2.415 0 P 0
L -0.4501575 2.27 -0.4501575 2.28 0 P 0
L -0.4525 1.4 -0.4275 1.4 0 P 0
L -0.4525 1.46 -0.4275 1.46 0 P 0
L -0.4525 1.52 -0.4275 1.52 0 P 0
L -0.4525 1.58 -0.4275 1.58 0 P 0
L -0.4525 1.64 -0.4275 1.64 0 P 0
L -0.452858 -2.545 -0.442858 -2.545 0 P 0
L -0.455 -0.345 -0.455 -0.335 0 P 0
L -0.455 -0.375 -0.455 -0.365 0 P 0
L -0.455 -0.405 -0.455 -0.395 0 P 0
L -0.455 -0.465 -0.445 -0.465 0 P 0
L -0.455 2.41 -0.445 2.41 0 P 0
L -0.4551575 2.275 -0.4451575 2.275 0 P 0
L -0.46 -0.005 -0.46 0.005 0 P 0
L -0.46 -0.175 -0.46 -0.165 0 P 0
L -0.46 -0.28 -0.46 -0.27 0 P 0
L -0.46 -0.34 -0.45 -0.34 0 P 0
L -0.46 -0.37 -0.45 -0.37 0 P 0
L -0.46 -0.4 -0.45 -0.4 0 P 0
L -0.46 2.115 -0.46 2.125 0 P 0
L -0.465 -0.17 -0.455 -0.17 0 P 0
L -0.465 -0.275 -0.455 -0.275 0 P 0
L -0.465 -0.585 -0.465 -0.575 0 P 0
L -0.465 -0.65 -0.465 -0.64 0 P 0
L -0.465 0 -0.455 0 0 P 0
L -0.465 2.12 -0.455 2.12 0 P 0
L -0.47 -0.45 -0.47 -0.44 0 P 0
L -0.47 -0.58 -0.46 -0.58 0 P 0
L -0.47 -0.645 -0.46 -0.645 0 P 0
L -0.475 -0.445 -0.465 -0.445 0 P 0
L -0.475 2.54 -0.475 2.55 0 P 0
L -0.48 2.545 -0.47 2.545 0 P 0
L -0.49 -0.2861024 -0.49 -0.2761024 0 P 0
L -0.49 -0.43 -0.49 -0.42 0 P 0
L -0.49 -0.675 -0.49 -0.665 0 P 0
L -0.49 -0.87 -0.49 -0.86 0 P 0
L -0.49 0.8075 -0.49 0.8325 0 P 0
L -0.49 1.0075 -0.49 1.0325 0 P 0
L -0.4914961 2.0835039 -0.4914961 2.0935039 0 P 0
L -0.4914961 2.1464961 -0.4914961 2.1564961 0 P 0
L -0.4916929 -0.2270472 -0.4916929 -0.2170472 0 P 0
L -0.495 -0.2811024 -0.485 -0.2811024 0 P 0
L -0.495 -0.425 -0.485 -0.425 0 P 0
L -0.495 -0.67 -0.485 -0.67 0 P 0
L -0.495 -0.865 -0.485 -0.865 0 P 0
L -0.4964961 2.0885039 -0.4864961 2.0885039 0 P 0
L -0.4964961 2.1514961 -0.4864961 2.1514961 0 P 0
L -0.4966929 -0.2220472 -0.4866929 -0.2220472 0 P 0
L -0.5 -2.305 -0.5 -2.295 0 P 0
L -0.5 -2.455 -0.5 -2.445 0 P 0
L -0.5 1.3875 -0.5 1.4125 0 P 0
L -0.5 1.4475 -0.5 1.4725 0 P 0
L -0.5 1.5075 -0.5 1.5325 0 P 0
L -0.5 1.5675 -0.5 1.5925 0 P 0
L -0.5 1.6275 -0.5 1.6525 0 P 0
L -0.5025 0.82 -0.4775 0.82 0 P 0
L -0.5025 1.02 -0.4775 1.02 0 P 0
L -0.505 -2.3 -0.495 -2.3 0 P 0
L -0.505 -2.45 -0.495 -2.45 0 P 0
L -0.5075722 -2.55 -0.5075722 -2.54 0 P 0
L -0.5125 1.4 -0.4875 1.4 0 P 0
L -0.5125 1.46 -0.4875 1.46 0 P 0
L -0.5125 1.52 -0.4875 1.52 0 P 0
L -0.5125 1.58 -0.4875 1.58 0 P 0
L -0.5125 1.64 -0.4875 1.64 0 P 0
L -0.5125722 -2.545 -0.5025722 -2.545 0 P 0
L -0.5324015 -1.095 -0.5324015 -1.085 0 P 0
L -0.534375 2.54 -0.534375 2.55 0 P 0
L -0.535 -0.965 -0.535 -0.955 0 P 0
L -0.535 0.19 -0.535 0.2 0 P 0
L -0.5374015 -1.09 -0.5274015 -1.09 0 P 0
L -0.539375 2.545 -0.529375 2.545 0 P 0
L -0.54 -0.96 -0.53 -0.96 0 P 0
L -0.54 0.195 -0.53 0.195 0 P 0
L -0.55 2.24 -0.55 2.25 0 P 0
L -0.55 2.285 -0.55 2.295 0 P 0
L -0.55 2.335 -0.55 2.345 0 P 0
L -0.55 2.445 -0.55 2.455 0 P 0
L -0.555 2.245 -0.545 2.245 0 P 0
L -0.555 2.29 -0.545 2.29 0 P 0
L -0.555 2.34 -0.545 2.34 0 P 0
L -0.555 2.45 -0.545 2.45 0 P 0
L -0.56 0.215 -0.56 0.225 0 P 0
L -0.565 0.22 -0.555 0.22 0 P 0
L -0.5672835 0.81 -0.5672835 0.82 0 P 0
L -0.5672864 -2.55 -0.5672864 -2.54 0 P 0
L -0.5722835 0.815 -0.5622835 0.815 0 P 0
L -0.5722864 -2.545 -0.5622864 -2.545 0 P 0
L -0.575 0.4425 -0.575 0.4675 0 P 0
L -0.575 0.5925 -0.575 0.6175 0 P 0
L -0.58 -1.89 -0.58 -1.88 0 P 0
L -0.585 -1.885 -0.575 -1.885 0 P 0
L -0.5875 0.455 -0.5625 0.455 0 P 0
L -0.5875 0.605 -0.5625 0.605 0 P 0
L -0.59 -0.17 -0.59 -0.16 0 P 0
L -0.59 -0.2467323 -0.59 -0.2367323 0 P 0
L -0.59 -0.4632677 -0.59 -0.4532677 0 P 0
L -0.59 0 -0.59 0.01 0 P 0
L -0.59375 2.54 -0.59375 2.55 0 P 0
L -0.595 -0.165 -0.585 -0.165 0 P 0
L -0.595 -0.2417323 -0.585 -0.2417323 0 P 0
L -0.595 -0.4582677 -0.585 -0.4582677 0 P 0
L -0.595 0.005 -0.585 0.005 0 P 0
L -0.59875 2.545 -0.58875 2.545 0 P 0
L -0.5989961 1.82 -0.5989961 1.83 0 P 0
L -0.5989961 2.41 -0.5989961 2.42 0 P 0
L -0.6 -0.34 -0.6 -0.33 0 P 0
L -0.6 -0.385 -0.6 -0.375 0 P 0
L -0.6039961 1.825 -0.5939961 1.825 0 P 0
L -0.6039961 2.415 -0.5939961 2.415 0 P 0
L -0.605 -0.335 -0.595 -0.335 0 P 0
L -0.605 -0.38 -0.595 -0.38 0 P 0
L -0.615 -0.5026378 -0.615 -0.4926378 0 P 0
L -0.615 -1.855 -0.615 -1.845 0 P 0
L -0.62 -0.17 -0.62 -0.16 0 P 0
L -0.62 -0.4976378 -0.61 -0.4976378 0 P 0
L -0.62 -1.85 -0.61 -1.85 0 P 0
L -0.62 0.09 -0.62 0.1 0 P 0
L -0.6209872 -0.2861024 -0.6209872 -0.2761024 0 P 0
L -0.625 -0.165 -0.615 -0.165 0 P 0
L -0.625 0.095 -0.615 0.095 0 P 0
L -0.625 0.4425 -0.625 0.4675 0 P 0
L -0.625 0.5925 -0.625 0.6175 0 P 0
L -0.6259872 -0.2811024 -0.6159872 -0.2811024 0 P 0
L -0.6270006 -2.55 -0.6270006 -2.54 0 P 0
L -0.6320006 -2.545 -0.6220006 -2.545 0 P 0
L -0.635 0 -0.635 0.01 0 P 0
L -0.6375 0.455 -0.6125 0.455 0 P 0
L -0.6375 0.605 -0.6125 0.605 0 P 0
L -0.639882 -1.98 -0.639882 -1.97 0 P 0
L -0.64 0.005 -0.63 0.005 0 P 0
L -0.644882 -1.975 -0.634882 -1.975 0 P 0
L -0.65 -0.2479921 -0.65 -0.2379921 0 P 0
L -0.65 -0.3223228 -0.65 -0.3123228 0 P 0
L -0.65 -0.7388583 -0.65 -0.7288583 0 P 0
L -0.65 -0.905 -0.65 -0.895 0 P 0
L -0.65 -1.82 -0.65 -1.81 0 P 0
L -0.65 -2.305 -0.65 -2.295 0 P 0
L -0.65 -2.455 -0.65 -2.445 0 P 0
L -0.65 0.075 -0.65 0.085 0 P 0
L -0.65 0.115 -0.65 0.125 0 P 0
L -0.653125 2.54 -0.653125 2.55 0 P 0
L -0.655 -0.2429921 -0.645 -0.2429921 0 P 0
L -0.655 -0.3173228 -0.645 -0.3173228 0 P 0
L -0.655 -0.7338583 -0.645 -0.7338583 0 P 0
L -0.655 -0.9 -0.645 -0.9 0 P 0
L -0.655 -1.815 -0.645 -1.815 0 P 0
L -0.655 -2.3 -0.645 -2.3 0 P 0
L -0.655 -2.45 -0.645 -2.45 0 P 0
L -0.655 0.08 -0.645 0.08 0 P 0
L -0.655 0.12 -0.645 0.12 0 P 0
L -0.658125 2.545 -0.648125 2.545 0 P 0
L -0.675 0.4425 -0.675 0.4675 0 P 0
L -0.675 0.5925 -0.675 0.6175 0 P 0
L -0.68 0 -0.68 0.01 0 P 0
L -0.68 0.125 -0.68 0.135 0 P 0
L -0.68 0.155 -0.68 0.165 0 P 0
L -0.685 0.005 -0.675 0.005 0 P 0
L -0.685 0.13 -0.675 0.13 0 P 0
L -0.685 0.16 -0.675 0.16 0 P 0
L -0.6867148 -2.55 -0.6867148 -2.54 0 P 0
L -0.6875 0.455 -0.6625 0.455 0 P 0
L -0.6875 0.605 -0.6625 0.605 0 P 0
L -0.69 -0.2479921 -0.69 -0.2379921 0 P 0
L -0.69 -0.3223228 -0.69 -0.3123228 0 P 0
L -0.69 -0.7388583 -0.69 -0.7288583 0 P 0
L -0.69 0.075 -0.69 0.085 0 P 0
L -0.69 1.705 -0.69 1.715 0 P 0
L -0.69 1.735 -0.69 1.745 0 P 0
L -0.6917148 -2.545 -0.6817148 -2.545 0 P 0
L -0.695 -0.2429921 -0.685 -0.2429921 0 P 0
L -0.695 -0.3173228 -0.685 -0.3173228 0 P 0
L -0.695 -0.7338583 -0.685 -0.7338583 0 P 0
L -0.695 0.08 -0.685 0.08 0 P 0
L -0.695 1.71 -0.685 1.71 0 P 0
L -0.695 1.74 -0.685 1.74 0 P 0
L -0.7 -0.595 -0.7 -0.585 0 P 0
L -0.7 -1.82 -0.7 -1.81 0 P 0
L -0.7 2.445 -0.7 2.455 0 P 0
L -0.705 -0.59 -0.695 -0.59 0 P 0
L -0.705 -1.815 -0.695 -1.815 0 P 0
L -0.705 1.985 -0.705 1.995 0 P 0
L -0.705 2.245 -0.705 2.255 0 P 0
L -0.705 2.305 -0.705 2.315 0 P 0
L -0.705 2.365 -0.705 2.375 0 P 0
L -0.705 2.45 -0.695 2.45 0 P 0
L -0.7060077 2.0455118 -0.7060077 2.0555118 0 P 0
L -0.7064998 1.865 -0.7064998 1.875 0 P 0
L -0.7064998 1.925 -0.7064998 1.935 0 P 0
L -0.71 1.99 -0.7 1.99 0 P 0
L -0.71 2.25 -0.7 2.25 0 P 0
L -0.71 2.31 -0.7 2.31 0 P 0
L -0.71 2.37 -0.7 2.37 0 P 0
L -0.7110077 2.0505118 -0.7010077 2.0505118 0 P 0
L -0.7114998 1.87 -0.7014998 1.87 0 P 0
L -0.7114998 1.93 -0.7014998 1.93 0 P 0
L -0.7125 2.54 -0.7125 2.55 0 P 0
L -0.7175 2.545 -0.7075 2.545 0 P 0
L -0.72 1.705 -0.72 1.715 0 P 0
L -0.725 1.71 -0.715 1.71 0 P 0
L -0.746429 -2.55 -0.746429 -2.54 0 P 0
L -0.751429 -2.545 -0.741429 -2.545 0 P 0
L -0.7579922 -1.82 -0.7579922 -1.81 0 P 0
L -0.7629922 -1.815 -0.7529922 -1.815 0 P 0
L -0.771875 2.54 -0.771875 2.55 0 P 0
L -0.775 -1.545 -0.775 -1.535 0 P 0
L -0.776875 2.545 -0.766875 2.545 0 P 0
L -0.7776772 -1.98 -0.7776772 -1.97 0 P 0
L -0.78 -0.3825 -0.78 -0.3575 0 P 0
L -0.78 -1.54 -0.77 -1.54 0 P 0
L -0.7826772 -1.975 -0.7726772 -1.975 0 P 0
L -0.785 -1.89 -0.785 -1.88 0 P 0
L -0.79 -1.885 -0.78 -1.885 0 P 0
L -0.7925 -0.37 -0.7675 -0.37 0 P 0
L -0.795 -0.905 -0.795 -0.895 0 P 0
L -0.7973623 -1.845 -0.7973623 -1.835 0 P 0
L -0.8 -0.9 -0.79 -0.9 0 P 0
L -0.8 -2.305 -0.8 -2.295 0 P 0
L -0.8 -2.455 -0.8 -2.445 0 P 0
L -0.8023623 -1.84 -0.7923623 -1.84 0 P 0
L -0.8032126 -1.192437 -0.8032126 -1.167437 0 P 0
L -0.805 -2.3 -0.795 -2.3 0 P 0
L -0.805 -2.45 -0.795 -2.45 0 P 0
L -0.8061432 -2.55 -0.8061432 -2.54 0 P 0
L -0.8111432 -2.545 -0.8011432 -2.545 0 P 0
L -0.8157126 -1.179937 -0.7907126 -1.179937 0 P 0
L -0.82 0.3675 -0.82 0.3925 0 P 0
L -0.82 0.5175 -0.82 0.5425 0 P 0
L -0.82 0.6675 -0.82 0.6925 0 P 0
L -0.82 0.8775 -0.82 0.9025 0 P 0
L -0.82 1.0175 -0.82 1.0425 0 P 0
L -0.83 -0.135 -0.83 -0.125 0 P 0
L -0.83 -0.615 -0.83 -0.605 0 P 0
L -0.83125 2.54 -0.83125 2.55 0 P 0
L -0.8325 0.38 -0.8075 0.38 0 P 0
L -0.8325 0.53 -0.8075 0.53 0 P 0
L -0.8325 0.68 -0.8075 0.68 0 P 0
L -0.8325 0.89 -0.8075 0.89 0 P 0
L -0.8325 1.03 -0.8075 1.03 0 P 0
L -0.835 -0.13 -0.825 -0.13 0 P 0
L -0.835 -0.61 -0.825 -0.61 0 P 0
L -0.83625 2.545 -0.82625 2.545 0 P 0
L -0.8367324 -1.82 -0.8367324 -1.81 0 P 0
L -0.84 -1.565 -0.84 -1.555 0 P 0
L -0.8417324 -1.815 -0.8317324 -1.815 0 P 0
L -0.845 -1.56 -0.835 -1.56 0 P 0
L -0.85 2.145 -0.85 2.155 0 P 0
L -0.85 2.295 -0.85 2.305 0 P 0
L -0.85 2.445 -0.85 2.455 0 P 0
L -0.855 2.15 -0.845 2.15 0 P 0
L -0.855 2.3 -0.845 2.3 0 P 0
L -0.855 2.45 -0.845 2.45 0 P 0
L -0.8564174 -2.13 -0.8564174 -2.12 0 P 0
L -0.8614174 -2.125 -0.8514174 -2.125 0 P 0
L -0.8658574 -2.55 -0.8658574 -2.54 0 P 0
L -0.8708574 -2.545 -0.8608574 -2.545 0 P 0
L -0.875 -0.7124999 -0.875 -0.6874999 0 P 0
L -0.875 0.1875 -0.875 0.2125 0 P 0
L -0.8875 -0.6999999 -0.8625 -0.6999999 0 P 0
L -0.8875 0.2 -0.8625 0.2 0 P 0
L -0.890625 2.54 -0.890625 2.55 0 P 0
L -0.895625 2.545 -0.885625 2.545 0 P 0
L -0.9 2.045 -0.9 2.055 0 P 0
L -0.905 -1.545 -0.905 -1.535 0 P 0
L -0.905 2.05 -0.895 2.05 0 P 0
L -0.91 -1.54 -0.9 -1.54 0 P 0
L -0.91 0.295 -0.91 0.305 0 P 0
L -0.91 0.325 -0.91 0.335 0 P 0
L -0.91 0.355 -0.91 0.365 0 P 0
L -0.9124015 -1.095 -0.9124015 -1.085 0 P 0
L -0.9127165 0.5175 -0.9127165 0.5425 0 P 0
L -0.915 0.3 -0.905 0.3 0 P 0
L -0.915 0.33 -0.905 0.33 0 P 0
L -0.915 0.36 -0.905 0.36 0 P 0
L -0.9174015 -1.09 -0.9074015 -1.09 0 P 0
L -0.925 -0.7124999 -0.925 -0.6874999 0 P 0
L -0.925 0.1875 -0.925 0.2125 0 P 0
L -0.9252165 0.53 -0.9002165 0.53 0 P 0
L -0.9255716 -2.55 -0.9255716 -2.54 0 P 0
L -0.9305716 -2.545 -0.9205716 -2.545 0 P 0
L -0.9351575 -2.105 -0.9351575 -2.095 0 P 0
L -0.9375 -0.6999999 -0.9125 -0.6999999 0 P 0
L -0.9375 0.2 -0.9125 0.2 0 P 0
L -0.94 1.7875 -0.94 1.8125 0 P 0
L -0.94 1.8475 -0.94 1.8725 0 P 0
L -0.9401575 -2.1 -0.9301575 -2.1 0 P 0
L -0.95 -2.155 -0.95 -2.145 0 P 0
L -0.95 -2.305 -0.95 -2.295 0 P 0
L -0.95 -2.455 -0.95 -2.445 0 P 0
L -0.95 2.295 -0.95 2.305 0 P 0
L -0.95 2.35625 -0.95 2.36625 0 P 0
L -0.95 2.4175 -0.95 2.4275 0 P 0
L -0.95 2.47875 -0.95 2.48875 0 P 0
L -0.95 2.54 -0.95 2.55 0 P 0
L -0.9525 1.8 -0.9275 1.8 0 P 0
L -0.9525 1.86 -0.9275 1.86 0 P 0
L -0.955 -2.15 -0.945 -2.15 0 P 0
L -0.955 -2.3 -0.945 -2.3 0 P 0
L -0.955 -2.45 -0.945 -2.45 0 P 0
L -0.955 2.3 -0.945 2.3 0 P 0
L -0.955 2.36125 -0.945 2.36125 0 P 0
L -0.955 2.4225 -0.945 2.4225 0 P 0
L -0.955 2.48375 -0.945 2.48375 0 P 0
L -0.955 2.545 -0.945 2.545 0 P 0
L -0.97 -1.565 -0.97 -1.555 0 P 0
L -0.97 0.7964961 -0.97 0.8214961 0 P 0
L -0.97 0.8585039 -0.97 0.8835039 0 P 0
L -0.9745276 -2.08 -0.9745276 -2.07 0 P 0
L -0.975 -1.56 -0.965 -1.56 0 P 0
L -0.9795276 -2.075 -0.9695276 -2.075 0 P 0
L -0.9825 0.8089961 -0.9575 0.8089961 0 P 0
L -0.9825 0.8710039 -0.9575 0.8710039 0 P 0
L -0.9852858 -2.55 -0.9852858 -2.54 0 P 0
L -0.9889764 1.195 -0.9889764 1.205 0 P 0
L -0.9889764 1.295 -0.9889764 1.305 0 P 0
L -0.9889764 1.593 -0.9889764 1.603 0 P 0
L -0.9889764 1.693 -0.9889764 1.703 0 P 0
L -0.99 0.9652953 -0.99 0.9902953 0 P 0
L -0.9902858 -2.545 -0.9802858 -2.545 0 P 0
L -0.9939764 1.2 -0.9839764 1.2 0 P 0
L -0.9939764 1.3 -0.9839764 1.3 0 P 0
L -0.9939764 1.598 -0.9839764 1.598 0 P 0
L -0.9939764 1.698 -0.9839764 1.698 0 P 0
L -1.0025 0.9777953 -0.9775 0.9777953 0 P 0
L -1.0115384 2.295 -1.0115384 2.305 0 P 0
L -1.015 -1.545 -1.015 -1.535 0 P 0
L -1.0165384 2.3 -1.0065384 2.3 0 P 0
L -1.02 -1.54 -1.01 -1.54 0 P 0
L -1.0427559 0.4100984 -1.0427559 0.4350984 0 P 0
L -1.0427559 0.8685039 -1.0427559 0.8935039 0 P 0
L -1.045 -2.12 -1.045 -2.11 0 P 0
L -1.045 -2.55 -1.045 -2.54 0 P 0
L -1.0450001 -2.1814285 -1.0450001 -2.1714285 0 P 0
L -1.0450001 -2.242857 -1.0450001 -2.232857 0 P 0
L -1.0450001 -2.3042855 -1.0450001 -2.2942855 0 P 0
L -1.0450001 -2.365714 -1.0450001 -2.355714 0 P 0
L -1.0450001 -2.4271425 -1.0450001 -2.4171425 0 P 0
L -1.0450001 -2.488571 -1.0450001 -2.478571 0 P 0
L -1.05 -2.115 -1.04 -2.115 0 P 0
L -1.05 -2.545 -1.04 -2.545 0 P 0
L -1.05 1.295 -1.05 1.305 0 P 0
L -1.05 1.693 -1.05 1.703 0 P 0
L -1.0500001 -2.1764285 -1.0400001 -2.1764285 0 P 0
L -1.0500001 -2.237857 -1.0400001 -2.237857 0 P 0
L -1.0500001 -2.2992855 -1.0400001 -2.2992855 0 P 0
L -1.0500001 -2.360714 -1.0400001 -2.360714 0 P 0
L -1.0500001 -2.4221425 -1.0400001 -2.4221425 0 P 0
L -1.0500001 -2.483571 -1.0400001 -2.483571 0 P 0
L -1.055 1.3 -1.045 1.3 0 P 0
L -1.055 1.698 -1.045 1.698 0 P 0
L -1.0552559 0.4225984 -1.0302559 0.4225984 0 P 0
L -1.0552559 0.8810039 -1.0302559 0.8810039 0 P 0
L -1.06 -1.565 -1.06 -1.555 0 P 0
L -1.06 1.7475 -1.06 1.7725 0 P 0
L -1.06 1.8875 -1.06 1.9125 0 P 0
L -1.065 -1.56 -1.055 -1.56 0 P 0
L -1.0725 1.76 -1.0475 1.76 0 P 0
L -1.0725 1.9 -1.0475 1.9 0 P 0
L -1.0729528 -2.055 -1.0729528 -2.045 0 P 0
L -1.0730768 2.295 -1.0730768 2.305 0 P 0
L -1.0779528 -2.05 -1.0679528 -2.05 0 P 0
L -1.0780768 2.3 -1.0680768 2.3 0 P 0
L -1.1 0.2775 -1.1 0.3025 0 P 0
L -1.1 0.3275 -1.1 0.3525 0 P 0
L -1.1092857 -2.12 -1.1092857 -2.11 0 P 0
L -1.11 -2.03 -1.11 -2.02 0 P 0
L -1.1125 0.29 -1.0875 0.29 0 P 0
L -1.1125 0.34 -1.0875 0.34 0 P 0
L -1.1142857 -2.115 -1.1042857 -2.115 0 P 0
L -1.115 -2.025 -1.105 -2.025 0 P 0
L -1.125 -1.545 -1.125 -1.535 0 P 0
L -1.125 1.1399213 -1.125 1.1800787 0 P 0
L -1.125 1.2399213 -1.125 1.2800787 0 P 0
L -1.125 1.5379213 -1.125 1.5780787 0 P 0
L -1.125 1.6379213 -1.125 1.6780787 0 P 0
L -1.13 -1.54 -1.12 -1.54 0 P 0
L -1.1346152 2.295 -1.1346152 2.305 0 P 0
L -1.1396152 2.3 -1.1296152 2.3 0 P 0
L -1.14 -0.3825 -1.14 -0.3575 0 P 0
L -1.14 -2.005 -1.14 -1.995 0 P 0
L -1.145 -2 -1.135 -2 0 P 0
L -1.1450787 1.16 -1.1049213 1.16 0 P 0
L -1.1450787 1.26 -1.1049213 1.26 0 P 0
L -1.1450787 1.558 -1.1049213 1.558 0 P 0
L -1.1450787 1.658 -1.1049213 1.658 0 P 0
L -1.15 0.2775 -1.15 0.3025 0 P 0
L -1.15 0.3275 -1.15 0.3525 0 P 0
L -1.15 2.045 -1.15 2.055 0 P 0
L -1.15 2.145 -1.15 2.155 0 P 0
L -1.1525 -0.37 -1.1275 -0.37 0 P 0
L -1.155 2.05 -1.145 2.05 0 P 0
L -1.155 2.15 -1.145 2.15 0 P 0
L -1.1625 0.29 -1.1375 0.29 0 P 0
L -1.1625 0.34 -1.1375 0.34 0 P 0
L -1.17 -0.0825 -1.17 -0.0575 0 P 0
L -1.17 -0.9825 -1.17 -0.9575 0 P 0
L -1.17 -1.565 -1.17 -1.555 0 P 0
L -1.17 1.9425 -1.17 1.9675 0 P 0
L -1.1735714 -2.12 -1.1735714 -2.11 0 P 0
L -1.175 -1.56 -1.165 -1.56 0 P 0
L -1.1785714 -2.115 -1.1685714 -2.115 0 P 0
L -1.1825 -0.07 -1.1575 -0.07 0 P 0
L -1.1825 -0.97 -1.1575 -0.97 0 P 0
L -1.1825 1.955 -1.1575 1.955 0 P 0
L -1.185 -2.005 -1.185 -1.995 0 P 0
L -1.19 -2 -1.18 -2 0 P 0
L -1.1961536 2.295 -1.1961536 2.305 0 P 0
L -1.1995784 -2.0625 -1.1995784 -2.0375 0 P 0
L -1.2 0.2775 -1.2 0.3025 0 P 0
L -1.2 0.3275 -1.2 0.3525 0 P 0
L -1.2011536 2.3 -1.1911536 2.3 0 P 0
L -1.2120784 -2.05 -1.1870784 -2.05 0 P 0
L -1.2125 0.29 -1.1875 0.29 0 P 0
L -1.2125 0.34 -1.1875 0.34 0 P 0
L -1.215 -1.545 -1.215 -1.535 0 P 0
L -1.22 -1.54 -1.21 -1.54 0 P 0
L -1.23 -0.0825 -1.23 -0.0575 0 P 0
L -1.23 -0.9825 -1.23 -0.9575 0 P 0
L -1.2304331 -2.005 -1.2304331 -1.995 0 P 0
L -1.2354331 -2 -1.2254331 -2 0 P 0
L -1.2378571 -2.12 -1.2378571 -2.11 0 P 0
L -1.2425 -0.07 -1.2175 -0.07 0 P 0
L -1.2425 -0.97 -1.2175 -0.97 0 P 0
L -1.2428571 -2.115 -1.2328571 -2.115 0 P 0
L -1.2502127 -1.9012166 -1.2502127 -1.8912166 0 P 0
L -1.2552127 -1.8962166 -1.2452127 -1.8962166 0 P 0
L -1.257692 2.295 -1.257692 2.305 0 P 0
L -1.26 -1.565 -1.26 -1.555 0 P 0
L -1.262692 2.3 -1.252692 2.3 0 P 0
L -1.265 -1.56 -1.255 -1.56 0 P 0
L -1.287 1.1200236 -1.287 1.2479764 0 P 0
L -1.287 1.5700236 -1.287 1.6979764 0 P 0
L -1.3 1.9425 -1.3 1.9675 0 P 0
L -1.3021428 -2.12 -1.3021428 -2.11 0 P 0
L -1.305 -1.545 -1.305 -1.535 0 P 0
L -1.3071428 -2.115 -1.2971428 -2.115 0 P 0
L -1.31 -1.54 -1.3 -1.54 0 P 0
L -1.3125 1.955 -1.2875 1.955 0 P 0
L -1.3192304 2.295 -1.3192304 2.305 0 P 0
L -1.3242304 2.3 -1.3142304 2.3 0 P 0
L -1.35 -1.565 -1.35 -1.555 0 P 0
L -1.3509764 1.184 -1.2230236 1.184 0 P 0
L -1.3509764 1.634 -1.2230236 1.634 0 P 0
L -1.355 -1.56 -1.345 -1.56 0 P 0
L -1.3642914 -2.0625 -1.3642914 -2.0375 0 P 0
L -1.3664285 -2.12 -1.3664285 -2.11 0 P 0
L -1.3714285 -2.115 -1.3614285 -2.115 0 P 0
L -1.3767914 -2.05 -1.3517914 -2.05 0 P 0
L -1.3807688 2.295 -1.3807688 2.305 0 P 0
L -1.3857688 2.3 -1.3757688 2.3 0 P 0
L -1.3879922 1.3215 -1.3879922 1.3465 0 P 0
L -1.4 -1.055 -1.4 -1.045 0 P 0
L -1.4 -1.205 -1.4 -1.195 0 P 0
L -1.4004922 1.334 -1.3754922 1.334 0 P 0
L -1.405 -1.05 -1.395 -1.05 0 P 0
L -1.405 -1.2 -1.395 -1.2 0 P 0
L -1.4307142 -2.1200005 -1.4307142 -2.1100005 0 P 0
L -1.4357142 -2.1150005 -1.4257142 -2.1150005 0 P 0
L -1.44 1.0645 -1.44 1.1275 0 P 0
L -1.44 1.6905 -1.44 1.7535 0 P 0
L -1.44 2.0125 -1.44 2.0375 0 P 0
L -1.4423072 2.295 -1.4423072 2.305 0 P 0
L -1.4473072 2.3 -1.4373072 2.3 0 P 0
L -1.45 -1.5925 -1.45 -1.5675 0 P 0
L -1.45 1.3215 -1.45 1.3465 0 P 0
L -1.45 2.145 -1.45 2.155 0 P 0
L -1.4525 2.025 -1.4275 2.025 0 P 0
L -1.455 2.15 -1.445 2.15 0 P 0
L -1.4625 -1.58 -1.4375 -1.58 0 P 0
L -1.4625 1.334 -1.4375 1.334 0 P 0
L -1.4715 1.096 -1.4085 1.096 0 P 0
L -1.4715 1.722 -1.4085 1.722 0 P 0
L -1.4949999 -2.1200005 -1.4949999 -2.1100005 0 P 0
L -1.495 -2.181429 -1.495 -2.171429 0 P 0
L -1.495 -2.2428575 -1.495 -2.2328575 0 P 0
L -1.495 -2.304286 -1.495 -2.294286 0 P 0
L -1.495 -2.3657145 -1.495 -2.3557145 0 P 0
L -1.495 -2.427143 -1.495 -2.417143 0 P 0
L -1.495 -2.4885715 -1.495 -2.4785715 0 P 0
L -1.495 -2.55 -1.495 -2.54 0 P 0
L -1.4999999 -2.1150005 -1.4899999 -2.1150005 0 P 0
L -1.5 -2.176429 -1.49 -2.176429 0 P 0
L -1.5 -2.2378575 -1.49 -2.2378575 0 P 0
L -1.5 -2.299286 -1.49 -2.299286 0 P 0
L -1.5 -2.3607145 -1.49 -2.3607145 0 P 0
L -1.5 -2.422143 -1.49 -2.422143 0 P 0
L -1.5 -2.4835715 -1.49 -2.4835715 0 P 0
L -1.5 -2.545 -1.49 -2.545 0 P 0
L -1.5038456 2.295 -1.5038456 2.305 0 P 0
L -1.5088456 2.3 -1.4988456 2.3 0 P 0
L -1.537 1.2662835 -1.537 1.3017165 0 P 0
L -1.537 1.3662835 -1.537 1.4017165 0 P 0
L -1.537 1.4662835 -1.537 1.5017165 0 P 0
L -1.537 1.5662835 -1.537 1.6017165 0 P 0
L -1.55 -1.055 -1.55 -1.045 0 P 0
L -1.55 -1.205 -1.55 -1.195 0 P 0
L -1.55 1.895 -1.55 1.905 0 P 0
L -1.5539285 -2.55 -1.5539285 -2.54 0 P 0
L -1.5547165 1.284 -1.5192835 1.284 0 P 0
L -1.5547165 1.384 -1.5192835 1.384 0 P 0
L -1.5547165 1.484 -1.5192835 1.484 0 P 0
L -1.5547165 1.584 -1.5192835 1.584 0 P 0
L -1.555 -1.05 -1.545 -1.05 0 P 0
L -1.555 -1.2 -1.545 -1.2 0 P 0
L -1.555 1.9 -1.545 1.9 0 P 0
L -1.5589285 -2.545 -1.5489285 -2.545 0 P 0
L -1.565384 2.295 -1.565384 2.305 0 P 0
L -1.57 -1.5925 -1.57 -1.5675 0 P 0
L -1.570384 2.3 -1.560384 2.3 0 P 0
L -1.5825 -1.58 -1.5575 -1.58 0 P 0
L -1.612857 -2.55 -1.612857 -2.54 0 P 0
L -1.617857 -2.545 -1.607857 -2.545 0 P 0
L -1.6269224 2.295 -1.6269224 2.305 0 P 0
L -1.63 -1.7680512 -1.63 -1.7430512 0 P 0
L -1.63 -1.9118504 -1.63 -1.9018504 0 P 0
L -1.6319224 2.3 -1.6219224 2.3 0 P 0
L -1.635 -1.9068504 -1.625 -1.9068504 0 P 0
L -1.637 1.2162835 -1.637 1.2517165 0 P 0
L -1.637 1.3162835 -1.637 1.3517165 0 P 0
L -1.637 1.4162835 -1.637 1.4517165 0 P 0
L -1.637 1.5162835 -1.637 1.5517165 0 P 0
L -1.64 -1.885 -1.64 -1.875 0 P 0
L -1.6425 -1.7555512 -1.6175 -1.7555512 0 P 0
L -1.645 -1.88 -1.635 -1.88 0 P 0
L -1.65 -2.155 -1.65 -2.145 0 P 0
L -1.65 -2.305 -1.65 -2.295 0 P 0
L -1.65 -2.455 -1.65 -2.445 0 P 0
L -1.6547165 1.234 -1.6192835 1.234 0 P 0
L -1.6547165 1.334 -1.6192835 1.334 0 P 0
L -1.6547165 1.434 -1.6192835 1.434 0 P 0
L -1.6547165 1.534 -1.6192835 1.534 0 P 0
L -1.655 -2.15 -1.645 -2.15 0 P 0
L -1.655 -2.3 -1.645 -2.3 0 P 0
L -1.655 -2.45 -1.645 -2.45 0 P 0
L -1.6717855 -2.55 -1.6717855 -2.54 0 P 0
L -1.6767855 -2.545 -1.6667855 -2.545 0 P 0
L -1.6884608 2.295 -1.6884608 2.305 0 P 0
L -1.6934608 2.3 -1.6834608 2.3 0 P 0
L -1.7 -1.055 -1.7 -1.045 0 P 0
L -1.7 -1.205 -1.7 -1.195 0 P 0
L -1.7 2.145 -1.7 2.155 0 P 0
L -1.705 -1.05 -1.695 -1.05 0 P 0
L -1.705 -1.2 -1.695 -1.2 0 P 0
L -1.705 2.15 -1.695 2.15 0 P 0
L -1.72 1.8844882 -1.72 1.8944882 0 P 0
L -1.725 1.8894882 -1.715 1.8894882 0 P 0
L -1.730714 -2.55 -1.730714 -2.54 0 P 0
L -1.735714 -2.545 -1.725714 -2.545 0 P 0
L -1.74 -1.9725 -1.74 -1.9475 0 P 0
L -1.7499992 2.295 -1.7499992 2.305 0 P 0
L -1.75 1.8844882 -1.75 1.8944882 0 P 0
L -1.75 2.35625 -1.75 2.36625 0 P 0
L -1.75 2.4175 -1.75 2.4275 0 P 0
L -1.75 2.47875 -1.75 2.48875 0 P 0
L -1.75 2.54 -1.75 2.55 0 P 0
L -1.7525 -1.96 -1.7275 -1.96 0 P 0
L -1.7549992 2.3 -1.7449992 2.3 0 P 0
L -1.755 1.8894882 -1.745 1.8894882 0 P 0
L -1.755 2.36125 -1.745 2.36125 0 P 0
L -1.755 2.4225 -1.745 2.4225 0 P 0
L -1.755 2.48375 -1.745 2.48375 0 P 0
L -1.755 2.545 -1.745 2.545 0 P 0
L -1.757 1.025 -1.757 1.035 0 P 0
L -1.76 2.0002559 -1.76 2.0252559 0 P 0
L -1.762 1.03 -1.752 1.03 0 P 0
L -1.7725 2.0127559 -1.7475 2.0127559 0 P 0
L -1.7896425 -2.55 -1.7896425 -2.54 0 P 0
L -1.7946425 -2.545 -1.7846425 -2.545 0 P 0
L -1.8 -2.155 -1.8 -2.145 0 P 0
L -1.8 -2.305 -1.8 -2.295 0 P 0
L -1.8 -2.455 -1.8 -2.445 0 P 0
L -1.805 -2.15 -1.795 -2.15 0 P 0
L -1.805 -2.3 -1.795 -2.3 0 P 0
L -1.805 -2.45 -1.795 -2.45 0 P 0
L -1.805 1.3293832 -1.805 1.3393832 0 P 0
L -1.805 1.4193832 -1.805 1.4293832 0 P 0
L -1.805 1.4893832 -1.805 1.4993832 0 P 0
L -1.805 1.5793832 -1.805 1.5893832 0 P 0
L -1.806 1.025 -1.806 1.035 0 P 0
L -1.81 1.3343832 -1.8 1.3343832 0 P 0
L -1.81 1.4243832 -1.8 1.4243832 0 P 0
L -1.81 1.4943832 -1.8 1.4943832 0 P 0
L -1.81 1.5843832 -1.8 1.5843832 0 P 0
L -1.811 1.03 -1.801 1.03 0 P 0
L -1.8133333 2.54 -1.8133333 2.55 0 P 0
L -1.8183333 2.545 -1.8083333 2.545 0 P 0
L -1.82 -2.1025 -1.82 -2.0775 0 P 0
L -1.83 0.485 -1.83 0.495 0 P 0
L -1.83 2.4550591 -1.83 2.4800591 0 P 0
L -1.8325 -2.09 -1.8075 -2.09 0 P 0
L -1.835 0.49 -1.825 0.49 0 P 0
L -1.8425 2.4675591 -1.8175 2.4675591 0 P 0
L -1.848571 -2.55 -1.848571 -2.54 0 P 0
L -1.85 -1.055 -1.85 -1.045 0 P 0
L -1.85 -1.205 -1.85 -1.195 0 P 0
L -1.85 -1.7680512 -1.85 -1.7430512 0 P 0
L -1.85 -1.8369488 -1.85 -1.8119488 0 P 0
L -1.853571 -2.545 -1.843571 -2.545 0 P 0
L -1.855 -1.05 -1.845 -1.05 0 P 0
L -1.855 -1.2 -1.845 -1.2 0 P 0
L -1.8565376 1.025 -1.8565376 1.035 0 P 0
L -1.86 1.795 -1.86 1.805 0 P 0
L -1.8615376 1.03 -1.8515376 1.03 0 P 0
L -1.8625 -1.7555512 -1.8375 -1.7555512 0 P 0
L -1.8625 -1.8244488 -1.8375 -1.8244488 0 P 0
L -1.865 1.8 -1.855 1.8 0 P 0
L -1.8766666 2.54 -1.8766666 2.55 0 P 0
L -1.88 -1.365 -1.88 -1.355 0 P 0
L -1.8816666 2.545 -1.8716666 2.545 0 P 0
L -1.885 -1.36 -1.875 -1.36 0 P 0
L -1.9074995 -2.55 -1.9074995 -2.54 0 P 0
L -1.91 -1.365 -1.91 -1.355 0 P 0
L -1.91 -1.515 -1.91 -1.505 0 P 0
L -1.9124995 -2.545 -1.9024995 -2.545 0 P 0
L -1.915 -1.36 -1.905 -1.36 0 P 0
L -1.915 -1.51 -1.905 -1.51 0 P 0
L -1.92 2.0002559 -1.92 2.0252559 0 P 0
L -1.93 -1.245 -1.93 -1.235 0 P 0
L -1.93 0.085 -1.93 0.095 0 P 0
L -1.9325 2.0127559 -1.9075 2.0127559 0 P 0
L -1.935 -1.24 -1.925 -1.24 0 P 0
L -1.935 0.09 -1.925 0.09 0 P 0
L -1.9399999 2.54 -1.9399999 2.55 0 P 0
L -1.9449999 2.545 -1.9349999 2.545 0 P 0
L -1.9480315 -0.9303937 -1.9480315 -0.9203937 0 P 0
L -1.9480315 -1.0209449 -1.9480315 -1.0109449 0 P 0
L -1.9481464 0.5075985 -1.9481464 0.5175985 0 P 0
L -1.95 -1.365 -1.95 -1.355 0 P 0
L -1.95 -2.155 -1.95 -2.145 0 P 0
L -1.95 -2.305 -1.95 -2.295 0 P 0
L -1.95 -2.455 -1.95 -2.445 0 P 0
L -1.95 0.06 -1.95 0.07 0 P 0
L -1.95 1.095 -1.95 1.105 0 P 0
L -1.95 1.205 -1.95 1.215 0 P 0
L -1.95 1.365 -1.95 1.375 0 P 0
L -1.95 1.545 -1.95 1.555 0 P 0
L -1.9530315 -0.9253937 -1.9430315 -0.9253937 0 P 0
L -1.9530315 -1.0159449 -1.9430315 -1.0159449 0 P 0
L -1.9531464 0.5125985 -1.9431464 0.5125985 0 P 0
L -1.955 -1.36 -1.945 -1.36 0 P 0
L -1.955 -2.15 -1.945 -2.15 0 P 0
L -1.955 -2.3 -1.945 -2.3 0 P 0
L -1.955 -2.45 -1.945 -2.45 0 P 0
L -1.955 0.065 -1.945 0.065 0 P 0
L -1.955 1.1 -1.945 1.1 0 P 0
L -1.955 1.21 -1.945 1.21 0 P 0
L -1.955 1.37 -1.945 1.37 0 P 0
L -1.955 1.55 -1.945 1.55 0 P 0
L -1.966428 -2.55 -1.966428 -2.54 0 P 0
L -1.97 1.795 -1.97 1.805 0 P 0
L -1.971428 -2.545 -1.961428 -2.545 0 P 0
L -1.975 1.8 -1.965 1.8 0 P 0
L -1.98 -1.365 -1.98 -1.355 0 P 0
L -1.98 -1.515 -1.98 -1.505 0 P 0
L -1.985 -1.36 -1.975 -1.36 0 P 0
L -1.985 -1.51 -1.975 -1.51 0 P 0
L -2 -0.015 -2 -0.005 0 P 0
L -2.0033332 2.54 -2.0033332 2.55 0 P 0
L -2.005 -0.01 -1.995 -0.01 0 P 0
L -2.0083332 2.545 -1.9983332 2.545 0 P 0
L -2.02 -1.365 -2.02 -1.355 0 P 0
L -2.025 -1.36 -2.015 -1.36 0 P 0
L -2.0253565 -2.55 -2.0253565 -2.54 0 P 0
L -2.0303565 -2.545 -2.0203565 -2.545 0 P 0
L -2.04 1.575 -2.04 1.585 0 P 0
L -2.04 1.6244882 -2.04 1.6344882 0 P 0
L -2.04 1.6855118 -2.04 1.6955118 0 P 0
L -2.045 1.58 -2.035 1.58 0 P 0
L -2.045 1.6294882 -2.035 1.6294882 0 P 0
L -2.045 1.6905118 -2.035 1.6905118 0 P 0
L -2.05 -1.365 -2.05 -1.355 0 P 0
L -2.05 -1.515 -2.05 -1.505 0 P 0
L -2.055 -1.36 -2.045 -1.36 0 P 0
L -2.055 -1.51 -2.045 -1.51 0 P 0
L -2.0666665 2.54 -2.0666665 2.55 0 P 0
L -2.0716665 2.545 -2.0616665 2.545 0 P 0
L -2.08 2.0002559 -2.08 2.0252559 0 P 0
L -2.084285 -2.55 -2.084285 -2.54 0 P 0
L -2.085 1.825 -2.085 1.835 0 P 0
L -2.089285 -2.545 -2.079285 -2.545 0 P 0
L -2.09 -1.365 -2.09 -1.355 0 P 0
L -2.09 1.83 -2.08 1.83 0 P 0
L -2.0925 2.0127559 -2.0675 2.0127559 0 P 0
L -2.095 -1.36 -2.085 -1.36 0 P 0
L -2.1 -0.155 -2.1 -0.145 0 P 0
L -2.1 -0.305 -2.1 -0.295 0 P 0
L -2.1 -0.455 -2.1 -0.445 0 P 0
L -2.1 -0.605 -2.1 -0.595 0 P 0
L -2.1 -0.755 -2.1 -0.745 0 P 0
L -2.1 -1.855 -2.1 -1.845 0 P 0
L -2.1 -2.005 -2.1 -1.995 0 P 0
L -2.1 -2.155 -2.1 -2.145 0 P 0
L -2.1 -2.305 -2.1 -2.295 0 P 0
L -2.1 -2.455 -2.1 -2.445 0 P 0
L -2.1 2.345 -2.1 2.355 0 P 0
L -2.105 -0.15 -2.095 -0.15 0 P 0
L -2.105 -0.3 -2.095 -0.3 0 P 0
L -2.105 -0.45 -2.095 -0.45 0 P 0
L -2.105 -0.6 -2.095 -0.6 0 P 0
L -2.105 -0.75 -2.095 -0.75 0 P 0
L -2.105 -1.85 -2.095 -1.85 0 P 0
L -2.105 -2 -2.095 -2 0 P 0
L -2.105 -2.15 -2.095 -2.15 0 P 0
L -2.105 -2.3 -2.095 -2.3 0 P 0
L -2.105 -2.45 -2.095 -2.45 0 P 0
L -2.105 2.35 -2.095 2.35 0 P 0
L -2.11 -1.245 -2.11 -1.235 0 P 0
L -2.115 -1.24 -2.105 -1.24 0 P 0
L -2.115 1.825 -2.115 1.835 0 P 0
L -2.12 -1.365 -2.12 -1.355 0 P 0
L -2.12 -1.515 -2.12 -1.505 0 P 0
L -2.12 1.83 -2.11 1.83 0 P 0
L -2.125 -1.36 -2.115 -1.36 0 P 0
L -2.125 -1.51 -2.115 -1.51 0 P 0
L -2.1299998 2.54 -2.1299998 2.55 0 P 0
L -2.13 0.545 -2.13 0.555 0 P 0
L -2.1349998 2.545 -2.1249998 2.545 0 P 0
L -2.135 0.55 -2.125 0.55 0 P 0
L -2.14 -1.0325 -2.14 -1.0075 0 P 0
L -2.1432135 -2.55 -2.1432135 -2.54 0 P 0
L -2.1482135 -2.545 -2.1382135 -2.545 0 P 0
L -2.1525 -1.02 -2.1275 -1.02 0 P 0
L -2.1692913 0.6565354 -2.1692913 0.6722834 0 P 0
L -2.1692913 0.7077166 -2.1692913 0.7234646 0 P 0
L -2.1731496 0.185 -2.1731496 0.195 0 P 0
L -2.1771653 0.6644094 -2.1614173 0.6644094 0 P 0
L -2.1771653 0.7155906 -2.1614173 0.7155906 0 P 0
L -2.1781496 0.19 -2.1681496 0.19 0 P 0
L -2.19 -0.035 -2.19 -0.025 0 P 0
L -2.19 0.025 -2.19 0.035 0 P 0
L -2.1933331 2.54 -2.1933331 2.55 0 P 0
L -2.195 -0.03 -2.185 -0.03 0 P 0
L -2.195 0.03 -2.185 0.03 0 P 0
L -2.1983331 2.545 -2.1883331 2.545 0 P 0
L -2.2 0.5423622 -2.2 0.5561416 0 P 0
L -2.2 0.8238583 -2.2 0.8376377 0 P 0
L -2.2 1.795 -2.2 1.805 0 P 0
L -2.2 2.445 -2.2 2.455 0 P 0
L -2.202142 -2.55 -2.202142 -2.54 0 P 0
L -2.205 1.8 -2.195 1.8 0 P 0
L -2.205 2.45 -2.195 2.45 0 P 0
L -2.2068897 0.5492519 -2.1931103 0.5492519 0 P 0
L -2.2068897 0.830748 -2.1931103 0.830748 0 P 0
L -2.207142 -2.545 -2.197142 -2.545 0 P 0
L -2.2086614 0.6309449 -2.2086614 0.6466929 0 P 0
L -2.2086614 0.682126 -2.2086614 0.697874 0 P 0
L -2.2086614 0.7333071 -2.2086614 0.7490551 0 P 0
L -2.21 0.275 -2.21 0.285 0 P 0
L -2.215 0.28 -2.205 0.28 0 P 0
L -2.2165354 0.6388189 -2.2007874 0.6388189 0 P 0
L -2.2165354 0.69 -2.2007874 0.69 0 P 0
L -2.2165354 0.7411811 -2.2007874 0.7411811 0 P 0
L -2.2214928 -1.2214961 -2.2214928 -1.1964961 0 P 0
L -2.2214928 -1.2835039 -2.2214928 -1.2585039 0 P 0
L -2.2339928 -1.2089961 -2.2089928 -1.2089961 0 P 0
L -2.2339928 -1.2710039 -2.2089928 -1.2710039 0 P 0
L -2.2399607 -0.0575 -2.2399607 -0.0325 0 P 0
L -2.25 -0.155 -2.25 -0.145 0 P 0
L -2.25 -0.305 -2.25 -0.295 0 P 0
L -2.25 -0.455 -2.25 -0.445 0 P 0
L -2.25 -0.605 -2.25 -0.595 0 P 0
L -2.25 -0.755 -2.25 -0.745 0 P 0
L -2.25 -1.555 -2.25 -1.545 0 P 0
L -2.25 -1.705 -2.25 -1.695 0 P 0
L -2.25 -2.005 -2.25 -1.995 0 P 0
L -2.25 -2.155 -2.25 -2.145 0 P 0
L -2.2524607 -0.045 -2.2274607 -0.045 0 P 0
L -2.255 -0.15 -2.245 -0.15 0 P 0
L -2.255 -0.3 -2.245 -0.3 0 P 0
L -2.255 -0.45 -2.245 -0.45 0 P 0
L -2.255 -0.6 -2.245 -0.6 0 P 0
L -2.255 -0.75 -2.245 -0.75 0 P 0
L -2.255 -1.55 -2.245 -1.55 0 P 0
L -2.255 -1.7 -2.245 -1.7 0 P 0
L -2.255 -2 -2.245 -2 0 P 0
L -2.255 -2.15 -2.245 -2.15 0 P 0
L -2.2566664 2.54 -2.2566664 2.55 0 P 0
L -2.26 -1.0325 -2.26 -1.0075 0 P 0
L -2.26 0.1525 -2.26 0.1775 0 P 0
L -2.2600001 1.8844882 -2.2600001 1.8944882 0 P 0
L -2.2610705 -2.55 -2.2610705 -2.54 0 P 0
L -2.2616664 2.545 -2.2516664 2.545 0 P 0
L -2.2650001 1.8894882 -2.2550001 1.8894882 0 P 0
L -2.2660705 -2.545 -2.2560705 -2.545 0 P 0
L -2.27 -1.365 -2.27 -1.355 0 P 0
L -2.2725 -1.02 -2.2475 -1.02 0 P 0
L -2.2725 0.165 -2.2475 0.165 0 P 0
L -2.275 -1.36 -2.265 -1.36 0 P 0
L -2.2802165 -1.1322835 -2.2802165 -1.1072835 0 P 0
L -2.29 -0.0575 -2.29 -0.0325 0 P 0
L -2.29 -1.245 -2.29 -1.235 0 P 0
L -2.29 1.8844882 -2.29 1.8944882 0 P 0
L -2.2927165 -1.1197835 -2.2677165 -1.1197835 0 P 0
L -2.295 -1.24 -2.285 -1.24 0 P 0
L -2.295 1.8894882 -2.285 1.8894882 0 P 0
L -2.3 -1.365 -2.3 -1.355 0 P 0
L -2.3 -1.515 -2.3 -1.505 0 P 0
L -2.3 2.145 -2.3 2.155 0 P 0
L -2.3025 -0.045 -2.2775 -0.045 0 P 0
L -2.305 -1.36 -2.295 -1.36 0 P 0
L -2.305 -1.51 -2.295 -1.51 0 P 0
L -2.305 2.15 -2.295 2.15 0 P 0
L -2.319999 -2.55 -2.319999 -2.54 0 P 0
L -2.3199997 2.54 -2.3199997 2.55 0 P 0
L -2.324999 -2.545 -2.314999 -2.545 0 P 0
L -2.3249997 2.545 -2.3149997 2.545 0 P 0
L -2.34 -1.365 -2.34 -1.355 0 P 0
L -2.345 -1.36 -2.335 -1.36 0 P 0
L -2.35 0.565 -2.35 0.575 0 P 0
L -2.35 0.945 -2.35 0.955 0 P 0
L -2.35 1.395 -2.35 1.405 0 P 0
L -2.35 1.545 -2.35 1.555 0 P 0
L -2.351364 1.145 -2.351364 1.155 0 P 0
L -2.351364 1.195 -2.351364 1.205 0 P 0
L -2.351364 1.295 -2.351364 1.305 0 P 0
L -2.355 0.57 -2.345 0.57 0 P 0
L -2.355 0.95 -2.345 0.95 0 P 0
L -2.355 1.4 -2.345 1.4 0 P 0
L -2.355 1.55 -2.345 1.55 0 P 0
L -2.356364 1.15 -2.346364 1.15 0 P 0
L -2.356364 1.2 -2.346364 1.2 0 P 0
L -2.356364 1.3 -2.346364 1.3 0 P 0
L -2.37 -1.365 -2.37 -1.355 0 P 0
L -2.37 -1.515 -2.37 -1.505 0 P 0
L -2.372 -2.434 -2.372 -2.264 0 P 0
L -2.372 2.304 -2.372 2.394 0 P 0
L -2.375 -1.36 -2.365 -1.36 0 P 0
L -2.375 -1.51 -2.365 -1.51 0 P 0
L -2.38 0.1525 -2.38 0.1775 0 P 0
L -2.381 -2.535 -2.381 -2.525 0 P 0
L -2.381 2.525 -2.381 2.535 0 P 0
L -2.386 -2.53 -2.376 -2.53 0 P 0
L -2.386 2.53 -2.376 2.53 0 P 0
L -2.3925 0.165 -2.3675 0.165 0 P 0
L -2.4 -0.155 -2.4 -0.145 0 P 0
L -2.4 -0.305 -2.4 -0.295 0 P 0
L -2.4 -0.455 -2.4 -0.445 0 P 0
L -2.4 -0.605 -2.4 -0.595 0 P 0
L -2.4 -0.755 -2.4 -0.745 0 P 0
L -2.4 -1.555 -2.4 -1.545 0 P 0
L -2.4 -1.705 -2.4 -1.695 0 P 0
L -2.4 -1.855 -2.4 -1.845 0 P 0
L -2.4 -2.005 -2.4 -1.995 0 P 0
L -2.4 -2.155 -2.4 -2.145 0 P 0
L -2.405 -0.15 -2.395 -0.15 0 P 0
L -2.405 -0.3 -2.395 -0.3 0 P 0
L -2.405 -0.45 -2.395 -0.45 0 P 0
L -2.405 -0.6 -2.395 -0.6 0 P 0
L -2.405 -0.75 -2.395 -0.75 0 P 0
L -2.405 -1.55 -2.395 -1.55 0 P 0
L -2.405 -1.7 -2.395 -1.7 0 P 0
L -2.405 -1.85 -2.395 -1.85 0 P 0
L -2.405 -2 -2.395 -2 0 P 0
L -2.405 -2.15 -2.395 -2.15 0 P 0
L -2.41 -1.365 -2.41 -1.355 0 P 0
L -2.415 -1.36 -2.405 -1.36 0 P 0
L -2.4162992 0.665 -2.4162992 0.675 0 P 0
L -2.4162992 0.735 -2.4162992 0.745 0 P 0
L -2.417 2.349 -2.327 2.349 0 P 0
L -2.42 0.425 -2.42 0.435 0 P 0
L -2.4212992 0.67 -2.4112992 0.67 0 P 0
L -2.4212992 0.74 -2.4112992 0.74 0 P 0
L -2.425 0.43 -2.415 0.43 0 P 0
L -2.4384181 -2.509 -2.4384181 -2.499 0 P 0
L -2.4384181 2.499 -2.4384181 2.509 0 P 0
L -2.44 -1.365 -2.44 -1.355 0 P 0
L -2.44 -1.515 -2.44 -1.505 0 P 0
L -2.44 0.0375 -2.44 0.0625 0 P 0
L -2.44 0.2675 -2.44 0.2925 0 P 0
L -2.4434181 -2.504 -2.4334181 -2.504 0 P 0
L -2.4434181 2.504 -2.4334181 2.504 0 P 0
L -2.445 -1.36 -2.435 -1.36 0 P 0
L -2.445 -1.51 -2.435 -1.51 0 P 0
L -2.45 0.87 -2.45 0.93 0 P 0
L -2.45 1.02 -2.45 1.08 0 P 0
L -2.45 1.17 -2.45 1.23 0 P 0
L -2.45 1.32 -2.45 1.38 0 P 0
L -2.45 1.47 -2.45 1.53 0 P 0
L -2.45 1.645 -2.45 1.655 0 P 0
L -2.45 1.995 -2.45 2.005 0 P 0
L -2.45 2.145 -2.45 2.155 0 P 0
L -2.4519685 -0.9362992 -2.4519685 -0.9262992 0 P 0
L -2.4519685 -1.0382677 -2.4519685 -1.0282677 0 P 0
L -2.4525 0.05 -2.4275 0.05 0 P 0
L -2.4525 0.28 -2.4275 0.28 0 P 0
L -2.455 1.65 -2.445 1.65 0 P 0
L -2.455 2 -2.445 2 0 P 0
L -2.455 2.15 -2.445 2.15 0 P 0
L -2.4569685 -0.9312992 -2.4469685 -0.9312992 0 P 0
L -2.4569685 -1.0332677 -2.4469685 -1.0332677 0 P 0
L -2.457 -2.349 -2.287 -2.349 0 P 0
L -2.47 -1.245 -2.47 -1.235 0 P 0
L -2.47 0.62 -2.47 0.63 0 P 0
L -2.47 0.765 -2.47 0.775 0 P 0
L -2.475 -1.24 -2.465 -1.24 0 P 0
L -2.475 0.625 -2.465 0.625 0 P 0
L -2.475 0.77 -2.465 0.77 0 P 0
L -2.48 0.9 -2.42 0.9 0 P 0
L -2.48 1.05 -2.42 1.05 0 P 0
L -2.48 1.2 -2.42 1.2 0 P 0
L -2.48 1.35 -2.42 1.35 0 P 0
L -2.48 1.5 -2.42 1.5 0 P 0
L -2.487 -2.469 -2.487 -2.459 0 P 0
L -2.487 2.459 -2.487 2.469 0 P 0
L -2.492 -2.464 -2.482 -2.464 0 P 0
L -2.492 2.464 -2.482 2.464 0 P 0
L -2.5 0.62 -2.5 0.63 0 P 0
L -2.505 0.625 -2.495 0.625 0 P 0
L -2.527 -2.4204181 -2.527 -2.4104181 0 P 0
L -2.527 2.4104181 -2.527 2.4204181 0 P 0
L -2.532 -2.4154181 -2.522 -2.4154181 0 P 0
L -2.532 2.4154181 -2.522 2.4154181 0 P 0
L -2.553 -2.363 -2.553 -2.353 0 P 0
L -2.553 2.353 -2.553 2.363 0 P 0
L -2.558 -2.358 -2.548 -2.358 0 P 0
L -2.558 2.358 -2.548 2.358 0 P 0
L -2.568 -0.0599624 -2.568 -0.0499624 0 P 0
L -2.568 -0.120269 -2.568 -0.110269 0 P 0
L -2.568 -0.1805756 -2.568 -0.1705756 0 P 0
L -2.568 -0.2408822 -2.568 -0.2308822 0 P 0
L -2.568 -0.3011888 -2.568 -0.2911888 0 P 0
L -2.568 -0.3614954 -2.568 -0.3514954 0 P 0
L -2.568 -0.421802 -2.568 -0.411802 0 P 0
L -2.568 -0.4821086 -2.568 -0.4721086 0 P 0
L -2.568 -0.5424152 -2.568 -0.5324152 0 P 0
L -2.568 -0.6027218 -2.568 -0.5927218 0 P 0
L -2.568 -0.6630284 -2.568 -0.6530284 0 P 0
L -2.568 -0.723335 -2.568 -0.713335 0 P 0
L -2.568 -0.7836416 -2.568 -0.7736416 0 P 0
L -2.568 -0.8439482 -2.568 -0.8339482 0 P 0
L -2.568 -0.9042548 -2.568 -0.8942548 0 P 0
L -2.568 -0.9645614 -2.568 -0.9545614 0 P 0
L -2.568 -1.024868 -2.568 -1.014868 0 P 0
L -2.568 -1.0851746 -2.568 -1.0751746 0 P 0
L -2.568 -1.1454812 -2.568 -1.1354812 0 P 0
L -2.568 -1.2057878 -2.568 -1.1957878 0 P 0
L -2.568 -1.2660944 -2.568 -1.2560944 0 P 0
L -2.568 -1.326401 -2.568 -1.316401 0 P 0
L -2.568 -1.3867076 -2.568 -1.3767076 0 P 0
L -2.568 -1.4470142 -2.568 -1.4370142 0 P 0
L -2.568 -1.5073208 -2.568 -1.4973208 0 P 0
L -2.568 -1.5676274 -2.568 -1.5576274 0 P 0
L -2.568 -1.627934 -2.568 -1.617934 0 P 0
L -2.568 -1.6882406 -2.568 -1.6782406 0 P 0
L -2.568 -1.7485472 -2.568 -1.7385472 0 P 0
L -2.568 -1.8088538 -2.568 -1.7988538 0 P 0
L -2.568 -1.8691604 -2.568 -1.8591604 0 P 0
L -2.568 -1.929467 -2.568 -1.919467 0 P 0
L -2.568 -1.9897736 -2.568 -1.9797736 0 P 0
L -2.568 -2.0500802 -2.568 -2.0400802 0 P 0
L -2.568 -2.1103868 -2.568 -2.1003868 0 P 0
L -2.568 -2.1706934 -2.568 -2.1606934 0 P 0
L -2.568 -2.231 -2.568 -2.221 0 P 0
L -2.568 -2.302 -2.568 -2.292 0 P 0
L -2.568 0.0003442 -2.568 0.0103442 0 P 0
L -2.568 0.0606508 -2.568 0.0706508 0 P 0
L -2.568 0.1209574 -2.568 0.1309574 0 P 0
L -2.568 0.181264 -2.568 0.191264 0 P 0
L -2.568 0.2415706 -2.568 0.2515706 0 P 0
L -2.568 0.3018772 -2.568 0.3118772 0 P 0
L -2.568 0.3621838 -2.568 0.3721838 0 P 0
L -2.568 0.4224904 -2.568 0.4324904 0 P 0
L -2.568 0.482797 -2.568 0.492797 0 P 0
L -2.568 0.5431036 -2.568 0.5531036 0 P 0
L -2.568 0.6034102 -2.568 0.6134102 0 P 0
L -2.568 0.6637168 -2.568 0.6737168 0 P 0
L -2.568 0.7240234 -2.568 0.7340234 0 P 0
L -2.568 0.78433 -2.568 0.79433 0 P 0
L -2.568 0.8446366 -2.568 0.8546366 0 P 0
L -2.568 0.9049432 -2.568 0.9149432 0 P 0
L -2.568 0.9652498 -2.568 0.9752498 0 P 0
L -2.568 1.0255564 -2.568 1.0355564 0 P 0
L -2.568 1.085863 -2.568 1.095863 0 P 0
L -2.568 1.1461696 -2.568 1.1561696 0 P 0
L -2.568 1.2064762 -2.568 1.2164762 0 P 0
L -2.568 1.2667828 -2.568 1.2767828 0 P 0
L -2.568 1.3270894 -2.568 1.3370894 0 P 0
L -2.568 1.387396 -2.568 1.397396 0 P 0
L -2.568 1.4477026 -2.568 1.4577026 0 P 0
L -2.568 1.5080092 -2.568 1.5180092 0 P 0
L -2.568 1.5683158 -2.568 1.5783158 0 P 0
L -2.568 1.6286224 -2.568 1.6386224 0 P 0
L -2.568 1.688929 -2.568 1.698929 0 P 0
L -2.568 1.7492356 -2.568 1.7592356 0 P 0
L -2.568 1.8095422 -2.568 1.8195422 0 P 0
L -2.568 1.8698488 -2.568 1.8798488 0 P 0
L -2.568 1.9301554 -2.568 1.9401554 0 P 0
L -2.568 1.990462 -2.568 2.000462 0 P 0
L -2.568 2.0507686 -2.568 2.0607686 0 P 0
L -2.568 2.1110752 -2.568 2.1210752 0 P 0
L -2.568 2.1713818 -2.568 2.1813818 0 P 0
L -2.568 2.2316884 -2.568 2.2416884 0 P 0
L -2.568 2.291995 -2.568 2.301995 0 P 0
L -2.573 -0.0549624 -2.563 -0.0549624 0 P 0
L -2.573 -0.115269 -2.563 -0.115269 0 P 0
L -2.573 -0.1755756 -2.563 -0.1755756 0 P 0
L -2.573 -0.2358822 -2.563 -0.2358822 0 P 0
L -2.573 -0.2961888 -2.563 -0.2961888 0 P 0
L -2.573 -0.3564954 -2.563 -0.3564954 0 P 0
L -2.573 -0.416802 -2.563 -0.416802 0 P 0
L -2.573 -0.4771086 -2.563 -0.4771086 0 P 0
L -2.573 -0.5374152 -2.563 -0.5374152 0 P 0
L -2.573 -0.5977218 -2.563 -0.5977218 0 P 0
L -2.573 -0.6580284 -2.563 -0.6580284 0 P 0
L -2.573 -0.718335 -2.563 -0.718335 0 P 0
L -2.573 -0.7786416 -2.563 -0.7786416 0 P 0
L -2.573 -0.8389482 -2.563 -0.8389482 0 P 0
L -2.573 -0.8992548 -2.563 -0.8992548 0 P 0
L -2.573 -0.9595614 -2.563 -0.9595614 0 P 0
L -2.573 -1.019868 -2.563 -1.019868 0 P 0
L -2.573 -1.0801746 -2.563 -1.0801746 0 P 0
L -2.573 -1.1404812 -2.563 -1.1404812 0 P 0
L -2.573 -1.2007878 -2.563 -1.2007878 0 P 0
L -2.573 -1.2610944 -2.563 -1.2610944 0 P 0
L -2.573 -1.321401 -2.563 -1.321401 0 P 0
L -2.573 -1.3817076 -2.563 -1.3817076 0 P 0
L -2.573 -1.4420142 -2.563 -1.4420142 0 P 0
L -2.573 -1.5023208 -2.563 -1.5023208 0 P 0
L -2.573 -1.5626274 -2.563 -1.5626274 0 P 0
L -2.573 -1.622934 -2.563 -1.622934 0 P 0
L -2.573 -1.6832406 -2.563 -1.6832406 0 P 0
L -2.573 -1.7435472 -2.563 -1.7435472 0 P 0
L -2.573 -1.8038538 -2.563 -1.8038538 0 P 0
L -2.573 -1.8641604 -2.563 -1.8641604 0 P 0
L -2.573 -1.924467 -2.563 -1.924467 0 P 0
L -2.573 -1.9847736 -2.563 -1.9847736 0 P 0
L -2.573 -2.0450802 -2.563 -2.0450802 0 P 0
L -2.573 -2.1053868 -2.563 -2.1053868 0 P 0
L -2.573 -2.1656934 -2.563 -2.1656934 0 P 0
L -2.573 -2.226 -2.563 -2.226 0 P 0
L -2.573 -2.297 -2.563 -2.297 0 P 0
L -2.573 0.0053442 -2.563 0.0053442 0 P 0
L -2.573 0.0656508 -2.563 0.0656508 0 P 0
L -2.573 0.1259574 -2.563 0.1259574 0 P 0
L -2.573 0.186264 -2.563 0.186264 0 P 0
L -2.573 0.2465706 -2.563 0.2465706 0 P 0
L -2.573 0.3068772 -2.563 0.3068772 0 P 0
L -2.573 0.3671838 -2.563 0.3671838 0 P 0
L -2.573 0.4274904 -2.563 0.4274904 0 P 0
L -2.573 0.487797 -2.563 0.487797 0 P 0
L -2.573 0.5481036 -2.563 0.5481036 0 P 0
L -2.573 0.6084102 -2.563 0.6084102 0 P 0
L -2.573 0.6687168 -2.563 0.6687168 0 P 0
L -2.573 0.7290234 -2.563 0.7290234 0 P 0
L -2.573 0.78933 -2.563 0.78933 0 P 0
L -2.573 0.8496366 -2.563 0.8496366 0 P 0
L -2.573 0.9099432 -2.563 0.9099432 0 P 0
L -2.573 0.9702498 -2.563 0.9702498 0 P 0
L -2.573 1.0305564 -2.563 1.0305564 0 P 0
L -2.573 1.090863 -2.563 1.090863 0 P 0
L -2.573 1.1511696 -2.563 1.1511696 0 P 0
L -2.573 1.2114762 -2.563 1.2114762 0 P 0
L -2.573 1.2717828 -2.563 1.2717828 0 P 0
L -2.573 1.3320894 -2.563 1.3320894 0 P 0
L -2.573 1.392396 -2.563 1.392396 0 P 0
L -2.573 1.4527026 -2.563 1.4527026 0 P 0
L -2.573 1.5130092 -2.563 1.5130092 0 P 0
L -2.573 1.5733158 -2.563 1.5733158 0 P 0
L -2.573 1.6336224 -2.563 1.6336224 0 P 0
L -2.573 1.693929 -2.563 1.693929 0 P 0
L -2.573 1.7542356 -2.563 1.7542356 0 P 0
L -2.573 1.8145422 -2.563 1.8145422 0 P 0
L -2.573 1.8748488 -2.563 1.8748488 0 P 0
L -2.573 1.9351554 -2.563 1.9351554 0 P 0
L -2.573 1.995462 -2.563 1.995462 0 P 0
L -2.573 2.0557686 -2.563 2.0557686 0 P 0
L -2.573 2.1160752 -2.563 2.1160752 0 P 0
L -2.573 2.1763818 -2.563 2.1763818 0 P 0
L -2.573 2.2366884 -2.563 2.2366884 0 P 0
L -2.573 2.296995 -2.563 2.296995 0 P 0
L 0 2.54 0 2.55 0 P 0
L 0.0029528 -0.96 0.0129528 -0.96 0 P 0
L 0.0029528 -1 0.0129528 -1 0 P 0
L 0.0079528 -0.965 0.0079528 -0.955 0 P 0
L 0.0079528 -1.005 0.0079528 -0.995 0 P 0
L 0.015 -0.9 0.025 -0.9 0 P 0
L 0.015 -1.59 0.025 -1.59 0 P 0
L 0.015 0.2 0.025 0.2 0 P 0
L 0.02 -0.905 0.02 -0.895 0 P 0
L 0.02 -1.595 0.02 -1.585 0 P 0
L 0.02 0.195 0.02 0.205 0 P 0
L 0.0225 0.455 0.0475 0.455 0 P 0
L 0.0225 0.605 0.0475 0.605 0 P 0
L 0.0248556 -2.545 0.0348556 -2.545 0 P 0
L 0.0298556 -2.55 0.0298556 -2.54 0 P 0
L 0.035 -0.705 0.045 -0.705 0 P 0
L 0.035 0.4425 0.035 0.4675 0 P 0
L 0.035 0.5925 0.035 0.6175 0 P 0
L 0.0361811 -1.9228347 0.0461811 -1.9228347 0 P 0
L 0.04 -0.71 0.04 -0.7 0 P 0
L 0.0411811 -1.9278347 0.0411811 -1.9178347 0 P 0
L 0.0429528 0.095 0.0529528 0.095 0 P 0
L 0.045 2 0.055 2 0 P 0
L 0.045 2.3 0.055 2.3 0 P 0
L 0.045 2.45 0.055 2.45 0 P 0
L 0.0479528 0.09 0.0479528 0.1 0 P 0
L 0.05 1.995 0.05 2.005 0 P 0
L 0.05 2.295 0.05 2.305 0 P 0
L 0.05 2.445 0.05 2.455 0 P 0
L 0.054375 2.545 0.064375 2.545 0 P 0
L 0.059375 2.54 0.059375 2.55 0 P 0
L 0.0725 0.455 0.0975 0.455 0 P 0
L 0.0725 0.605 0.0975 0.605 0 P 0
L 0.08 -0.65 0.09 -0.65 0 P 0
L 0.08 -0.705 0.09 -0.705 0 P 0
L 0.0829528 0.26 0.0929528 0.26 0 P 0
L 0.0829528 0.3 0.0929528 0.3 0 P 0
L 0.0845698 -2.545 0.0945698 -2.545 0 P 0
L 0.085 -0.655 0.085 -0.645 0 P 0
L 0.085 -0.71 0.085 -0.7 0 P 0
L 0.085 0.4425 0.085 0.4675 0 P 0
L 0.085 0.5925 0.085 0.6175 0 P 0
L 0.0875 -2.15 0.1125 -2.15 0 P 0
L 0.0879528 0.255 0.0879528 0.265 0 P 0
L 0.0879528 0.295 0.0879528 0.305 0 P 0
L 0.0895698 -2.55 0.0895698 -2.54 0 P 0
L 0.095 -0.68 0.105 -0.68 0 P 0
L 0.0983465 1.42 0.1416535 1.42 0 P 0
L 0.0983465 1.52 0.1416535 1.52 0 P 0
L 0.0983465 1.62 0.1416535 1.62 0 P 0
L 0.1 -0.685 0.1 -0.675 0 P 0
L 0.1 -2.1625 0.1 -2.1375 0 P 0
L 0.105 -0.61 0.115 -0.61 0 P 0
L 0.11 -0.615 0.11 -0.605 0 P 0
L 0.11375 2.545 0.12375 2.545 0 P 0
L 0.11875 2.54 0.11875 2.55 0 P 0
L 0.12 1.3983465 0.12 1.4416535 0 P 0
L 0.12 1.4983465 0.12 1.5416535 0 P 0
L 0.12 1.5983465 0.12 1.6416535 0 P 0
L 0.1225 0.455 0.1475 0.455 0 P 0
L 0.1225 0.605 0.1475 0.605 0 P 0
L 0.13 -0.55 0.14 -0.55 0 P 0
L 0.13 -0.805 0.14 -0.805 0 P 0
L 0.1316929 0.2 0.1416929 0.2 0 P 0
L 0.135 -0.555 0.135 -0.545 0 P 0
L 0.135 -0.81 0.135 -0.8 0 P 0
L 0.135 -2.01 0.145 -2.01 0 P 0
L 0.135 0.4425 0.135 0.4675 0 P 0
L 0.135 0.5925 0.135 0.6175 0 P 0
L 0.1366929 0.195 0.1366929 0.205 0 P 0
L 0.1377165 0.815 0.1477165 0.815 0 P 0
L 0.14 -2.015 0.14 -2.005 0 P 0
L 0.1427165 0.81 0.1427165 0.82 0 P 0
L 0.144284 -2.545 0.154284 -2.545 0 P 0
L 0.145 -0.01 0.155 -0.01 0 P 0
L 0.149284 -2.55 0.149284 -2.54 0 P 0
L 0.15 -0.015 0.15 -0.005 0 P 0
L 0.1616929 0.035 0.1716929 0.035 0 P 0
L 0.1659843 1.1824409 0.2132283 1.1824409 0 P 0
L 0.1666929 0.03 0.1666929 0.04 0 P 0
L 0.1666929 0.24 0.1766929 0.24 0 P 0
L 0.1716929 0.235 0.1716929 0.245 0 P 0
L 0.173125 2.545 0.183125 2.545 0 P 0
L 0.178125 2.54 0.178125 2.55 0 P 0
L 0.1896063 1.1588189 0.1896063 1.2060629 0 P 0
L 0.195 -0.61 0.205 -0.61 0 P 0
L 0.195 2.15 0.205 2.15 0 P 0
L 0.195 2.3 0.205 2.3 0 P 0
L 0.195 2.45 0.205 2.45 0 P 0
L 0.2 -0.615 0.2 -0.605 0 P 0
L 0.2 2.145 0.2 2.155 0 P 0
L 0.2 2.295 0.2 2.305 0 P 0
L 0.2 2.445 0.2 2.455 0 P 0
L 0.201063 -0.9 0.211063 -0.9 0 P 0
L 0.2039982 -2.545 0.2139982 -2.545 0 P 0
L 0.206063 -0.905 0.206063 -0.895 0 P 0
L 0.2075 0.82 0.2325 0.82 0 P 0
L 0.2075 1.02 0.2325 1.02 0 P 0
L 0.2089982 -2.55 0.2089982 -2.54 0 P 0
L 0.21 -1 0.22 -1 0 P 0
L 0.215 -1.005 0.215 -0.995 0 P 0
L 0.22 -0.455 0.23 -0.455 0 P 0
L 0.22 0.8075 0.22 0.8325 0 P 0
L 0.22 1.0075 0.22 1.0325 0 P 0
L 0.2225985 -1.09 0.2325985 -1.09 0 P 0
L 0.225 -0.46 0.225 -0.45 0 P 0
L 0.2275985 -1.095 0.2275985 -1.085 0 P 0
L 0.23 -0.64 0.24 -0.64 0 P 0
L 0.2325 2.545 0.2425 2.545 0 P 0
L 0.235 -0.645 0.235 -0.635 0 P 0
L 0.235 -2.15 0.245 -2.15 0 P 0
L 0.2358661 -1.890668 0.2458661 -1.890668 0 P 0
L 0.2358661 -1.9699999 0.2458661 -1.9699999 0 P 0
L 0.2375 2.54 0.2375 2.55 0 P 0
L 0.24 -1 0.25 -1 0 P 0
L 0.24 -2.155 0.24 -2.145 0 P 0
L 0.24 0.2 0.25 0.2 0 P 0
L 0.2408661 -1.895668 0.2408661 -1.885668 0 P 0
L 0.2408661 -1.9749999 0.2408661 -1.9649999 0 P 0
L 0.245 -0.9 0.255 -0.9 0 P 0
L 0.245 -1.005 0.245 -0.995 0 P 0
L 0.245 0.195 0.245 0.205 0 P 0
L 0.25 -0.27 0.26 -0.27 0 P 0
L 0.25 -0.905 0.25 -0.895 0 P 0
L 0.25 0.095 0.26 0.095 0 P 0
L 0.255 -0.275 0.255 -0.265 0 P 0
L 0.255 0.09 0.255 0.1 0 P 0
L 0.26 -0.435 0.27 -0.435 0 P 0
L 0.2637124 -2.545 0.2737124 -2.545 0 P 0
L 0.265 -0.44 0.265 -0.43 0 P 0
L 0.2675 0.82 0.2925 0.82 0 P 0
L 0.2675 1.02 0.2925 1.02 0 P 0
L 0.2687124 -2.55 0.2687124 -2.54 0 P 0
L 0.27 0.2 0.28 0.2 0 P 0
L 0.275 0.195 0.275 0.205 0 P 0
L 0.28 0.8075 0.28 0.8325 0 P 0
L 0.28 1.0075 0.28 1.0325 0 P 0
L 0.29 -0.24 0.3 -0.24 0 P 0
L 0.291875 2.545 0.301875 2.545 0 P 0
L 0.295 -0.245 0.295 -0.235 0 P 0
L 0.296875 2.54 0.296875 2.55 0 P 0
L 0.3 -0.415 0.31 -0.415 0 P 0
L 0.305 -0.42 0.305 -0.41 0 P 0
L 0.31 0.095 0.32 0.095 0 P 0
L 0.315 0.09 0.315 0.1 0 P 0
L 0.32 -0.215 0.33 -0.215 0 P 0
L 0.3234266 -2.545 0.3334266 -2.545 0 P 0
L 0.3242874 -1.179937 0.3492874 -1.179937 0 P 0
L 0.325 -0.22 0.325 -0.21 0 P 0
L 0.3284266 -2.55 0.3284266 -2.54 0 P 0
L 0.335 -0.52 0.345 -0.52 0 P 0
L 0.3360039 0.225 0.3460039 0.225 0 P 0
L 0.3360039 0.26 0.3460039 0.26 0 P 0
L 0.3360039 0.3 0.3460039 0.3 0 P 0
L 0.3367874 -1.192437 0.3367874 -1.167437 0 P 0
L 0.3388583 -0.96 0.3488583 -0.96 0 P 0
L 0.3388583 -1 0.3488583 -1 0 P 0
L 0.34 -0.395 0.35 -0.395 0 P 0
L 0.34 -0.525 0.34 -0.515 0 P 0
L 0.34 -0.79 0.35 -0.79 0 P 0
L 0.3410039 0.22 0.3410039 0.23 0 P 0
L 0.3410039 0.255 0.3410039 0.265 0 P 0
L 0.3410039 0.295 0.3410039 0.305 0 P 0
L 0.3438583 -0.965 0.3438583 -0.955 0 P 0
L 0.3438583 -1.005 0.3438583 -0.995 0 P 0
L 0.345 -0.4 0.345 -0.39 0 P 0
L 0.345 -0.795 0.345 -0.785 0 P 0
L 0.345 2 0.355 2 0 P 0
L 0.345 2.15 0.355 2.15 0 P 0
L 0.345 2.3 0.355 2.3 0 P 0
L 0.35 -0.19 0.36 -0.19 0 P 0
L 0.35 1.995 0.35 2.005 0 P 0
L 0.35 2.145 0.35 2.155 0 P 0
L 0.35 2.295 0.35 2.305 0 P 0
L 0.35125 2.545 0.36125 2.545 0 P 0
L 0.355 -0.195 0.355 -0.185 0 P 0
L 0.35625 2.54 0.35625 2.55 0 P 0
L 0.3635433 0.0535433 0.3735433 0.0535433 0 P 0
L 0.365 -0.52 0.375 -0.52 0 P 0
L 0.365 -0.605 0.375 -0.605 0 P 0
L 0.365 -0.635 0.375 -0.635 0 P 0
L 0.365 -0.665 0.375 -0.665 0 P 0
L 0.365 -0.725 0.375 -0.725 0 P 0
L 0.3667717 1.2375591 0.4140157 1.2375591 0 P 0
L 0.3685433 0.0485433 0.3685433 0.0585433 0 P 0
L 0.37 -0.525 0.37 -0.515 0 P 0
L 0.37 -0.61 0.37 -0.6 0 P 0
L 0.37 -0.64 0.37 -0.63 0 P 0
L 0.37 -0.67 0.37 -0.66 0 P 0
L 0.37 -0.73 0.37 -0.72 0 P 0
L 0.38 -0.103937 0.39 -0.103937 0 P 0
L 0.38 -0.315 0.39 -0.315 0 P 0
L 0.38 -0.375 0.39 -0.375 0 P 0
L 0.3831408 -2.545 0.3931408 -2.545 0 P 0
L 0.385 -0.108937 0.385 -0.098937 0 P 0
L 0.385 -0.32 0.385 -0.31 0 P 0
L 0.385 -0.38 0.385 -0.37 0 P 0
L 0.3881408 -2.55 0.3881408 -2.54 0 P 0
L 0.3903937 1.2139371 0.3903937 1.2611811 0 P 0
L 0.395 -0.29 0.405 -0.29 0 P 0
L 0.395 -0.52 0.405 -0.52 0 P 0
L 0.4 -0.295 0.4 -0.285 0 P 0
L 0.4 -0.525 0.4 -0.515 0 P 0
L 0.4 0.09 0.41 0.09 0 P 0
L 0.405 -0.08 0.415 -0.08 0 P 0
L 0.405 0.085 0.405 0.095 0 P 0
L 0.41 -0.085 0.41 -0.075 0 P 0
L 0.41 0.195 0.42 0.195 0 P 0
L 0.410625 2.545 0.420625 2.545 0 P 0
L 0.415 0.19 0.415 0.2 0 P 0
L 0.415625 2.54 0.415625 2.55 0 P 0
L 0.43 -0.855 0.44 -0.855 0 P 0
L 0.43 -0.91 0.44 -0.91 0 P 0
L 0.43 -0.94 0.44 -0.94 0 P 0
L 0.435 -0.86 0.435 -0.85 0 P 0
L 0.435 -0.915 0.435 -0.905 0 P 0
L 0.435 -0.945 0.435 -0.935 0 P 0
L 0.442855 -2.545 0.452855 -2.545 0 P 0
L 0.445 -2.175 0.455 -2.175 0 P 0
L 0.445 -2.325 0.455 -2.325 0 P 0
L 0.445 -2.36 0.455 -2.36 0 P 0
L 0.447855 -2.55 0.447855 -2.54 0 P 0
L 0.45 -2.18 0.45 -2.17 0 P 0
L 0.45 -2.33 0.45 -2.32 0 P 0
L 0.45 -2.365 0.45 -2.355 0 P 0
L 0.455 -0.84 0.465 -0.84 0 P 0
L 0.455 -1.33 0.465 -1.33 0 P 0
L 0.455 -1.425 0.465 -1.425 0 P 0
L 0.455 -1.505 0.465 -1.505 0 P 0
L 0.455 -1.585 0.465 -1.585 0 P 0
L 0.455 -1.665 0.465 -1.665 0 P 0
L 0.46 -0.845 0.46 -0.835 0 P 0
L 0.46 -1.335 0.46 -1.325 0 P 0
L 0.46 -1.43 0.46 -1.42 0 P 0
L 0.46 -1.51 0.46 -1.5 0 P 0
L 0.46 -1.59 0.46 -1.58 0 P 0
L 0.46 -1.67 0.46 -1.66 0 P 0
L 0.47 2.545 0.48 2.545 0 P 0
L 0.475 -1.35 0.485 -1.35 0 P 0
L 0.475 2.54 0.475 2.55 0 P 0
L 0.48 -0.82 0.49 -0.82 0 P 0
L 0.48 -1.355 0.48 -1.345 0 P 0
L 0.4846457 -1.924 0.5161417 -1.924 0 P 0
L 0.485 -0.825 0.485 -0.815 0 P 0
L 0.495 -1.37 0.505 -1.37 0 P 0
L 0.495 -1.465 0.505 -1.465 0 P 0
L 0.495 -1.545 0.505 -1.545 0 P 0
L 0.495 -1.625 0.505 -1.625 0 P 0
L 0.495 0.16 0.505 0.16 0 P 0
L 0.495 2 0.505 2 0 P 0
L 0.495 2.15 0.505 2.15 0 P 0
L 0.495 2.3 0.505 2.3 0 P 0
L 0.4960039 0.815 0.5060039 0.815 0 P 0
L 0.5 -1.375 0.5 -1.365 0 P 0
L 0.5 -1.47 0.5 -1.46 0 P 0
L 0.5 -1.55 0.5 -1.54 0 P 0
L 0.5 -1.63 0.5 -1.62 0 P 0
L 0.5 0.155 0.5 0.165 0 P 0
L 0.5 1.995 0.5 2.005 0 P 0
L 0.5 2.145 0.5 2.155 0 P 0
L 0.5 2.295 0.5 2.305 0 P 0
L 0.5003937 -1.939748 0.5003937 -1.908252 0 P 0
L 0.5010039 0.81 0.5010039 0.82 0 P 0
L 0.5025692 -2.545 0.5125692 -2.545 0 P 0
L 0.505 -0.37 0.515 -0.37 0 P 0
L 0.505 -0.4 0.515 -0.4 0 P 0
L 0.505 -0.535 0.515 -0.535 0 P 0
L 0.505 -0.74 0.515 -0.74 0 P 0
L 0.505 -0.785 0.515 -0.785 0 P 0
L 0.505 -0.98 0.515 -0.98 0 P 0
L 0.5075692 -2.55 0.5075692 -2.54 0 P 0
L 0.51 -0.375 0.51 -0.365 0 P 0
L 0.51 -0.405 0.51 -0.395 0 P 0
L 0.51 -0.54 0.51 -0.53 0 P 0
L 0.51 -0.745 0.51 -0.735 0 P 0
L 0.51 -0.79 0.51 -0.78 0 P 0
L 0.51 -0.985 0.51 -0.975 0 P 0
L 0.529375 2.545 0.539375 2.545 0 P 0
L 0.534375 2.54 0.534375 2.55 0 P 0
L 0.535 -0.19 0.545 -0.19 0 P 0
L 0.535 -0.315 0.545 -0.315 0 P 0
L 0.54 -0.195 0.54 -0.185 0 P 0
L 0.54 -0.32 0.54 -0.31 0 P 0
L 0.545 -0.855 0.555 -0.855 0 P 0
L 0.545 -0.885 0.555 -0.885 0 P 0
L 0.545 1.07 0.555 1.07 0 P 0
L 0.55 -0.86 0.55 -0.85 0 P 0
L 0.55 -0.89 0.55 -0.88 0 P 0
L 0.55 1.065 0.55 1.075 0 P 0
L 0.555 -0.2614172 0.565 -0.2614172 0 P 0
L 0.56 -0.2664172 0.56 -0.2564172 0 P 0
L 0.5622834 -2.545 0.5722834 -2.545 0 P 0
L 0.565 -0.0448819 0.575 -0.0448819 0 P 0
L 0.565 -0.315 0.575 -0.315 0 P 0
L 0.565 -0.3995276 0.575 -0.3995276 0 P 0
L 0.565 -0.4482677 0.575 -0.4482677 0 P 0
L 0.565 -0.7341732 0.575 -0.7341732 0 P 0
L 0.565 0.0338583 0.575 0.0338583 0 P 0
L 0.5672834 -2.55 0.5672834 -2.54 0 P 0
L 0.57 -0.0498819 0.57 -0.0398819 0 P 0
L 0.57 -0.32 0.57 -0.31 0 P 0
L 0.57 -0.4045276 0.57 -0.3945276 0 P 0
L 0.57 -0.4532677 0.57 -0.4432677 0 P 0
L 0.57 -0.7391732 0.57 -0.7291732 0 P 0
L 0.57 0.0288583 0.57 0.0388583 0 P 0
L 0.575 0.16 0.585 0.16 0 P 0
L 0.58 0.155 0.58 0.165 0 P 0
L 0.58875 2.545 0.59875 2.545 0 P 0
L 0.59375 2.54 0.59375 2.55 0 P 0
L 0.595 -0.315 0.605 -0.315 0 P 0
L 0.595 -2.45 0.605 -2.45 0 P 0
L 0.6 -0.32 0.6 -0.31 0 P 0
L 0.6 -2.455 0.6 -2.445 0 P 0
L 0.6025985 -1.09 0.6125985 -1.09 0 P 0
L 0.605 -0.0448819 0.615 -0.0448819 0 P 0
L 0.605 -0.3995276 0.615 -0.3995276 0 P 0
L 0.605 -0.4482677 0.615 -0.4482677 0 P 0
L 0.605 -0.7341732 0.615 -0.7341732 0 P 0
L 0.605 0.0338583 0.615 0.0338583 0 P 0
L 0.6075985 -1.095 0.6075985 -1.085 0 P 0
L 0.61 -0.0498819 0.61 -0.0398819 0 P 0
L 0.61 -0.4045276 0.61 -0.3945276 0 P 0
L 0.61 -0.4532677 0.61 -0.4432677 0 P 0
L 0.61 -0.7391732 0.61 -0.7291732 0 P 0
L 0.61 0.0288583 0.61 0.0388583 0 P 0
L 0.615 0.2 0.625 0.2 0 P 0
L 0.62 0.195 0.62 0.205 0 P 0
L 0.6219976 -2.545 0.6319976 -2.545 0 P 0
L 0.6269976 -2.55 0.6269976 -2.54 0 P 0
L 0.645 2 0.655 2 0 P 0
L 0.645 2.15 0.655 2.15 0 P 0
L 0.645 2.3 0.655 2.3 0 P 0
L 0.648125 2.545 0.658125 2.545 0 P 0
L 0.65 1.995 0.65 2.005 0 P 0
L 0.65 2.145 0.65 2.155 0 P 0
L 0.65 2.295 0.65 2.305 0 P 0
L 0.653125 2.54 0.653125 2.55 0 P 0
L 0.675 -0.2327165 0.685 -0.2327165 0 P 0
L 0.68 -0.2377165 0.68 -0.2277165 0 P 0
L 0.6817118 -2.545 0.6917118 -2.545 0 P 0
L 0.6867118 -2.55 0.6867118 -2.54 0 P 0
L 0.7042874 -1.179937 0.7292874 -1.179937 0 P 0
L 0.7075 2.545 0.7175 2.545 0 P 0
L 0.7125 2.54 0.7125 2.55 0 P 0
L 0.7167874 -1.192437 0.7167874 -1.167437 0 P 0
L 0.741426 -2.545 0.751426 -2.545 0 P 0
L 0.745 -2.45 0.755 -2.45 0 P 0
L 0.746426 -2.55 0.746426 -2.54 0 P 0
L 0.7475 -0.51 0.7725 -0.51 0 P 0
L 0.7475 0.01 0.7725 0.01 0 P 0
L 0.7475 0.53 0.7725 0.53 0 P 0
L 0.7475 1.05 0.7725 1.05 0 P 0
L 0.75 -2.455 0.75 -2.445 0 P 0
L 0.7575 -0.33 0.7825 -0.33 0 P 0
L 0.7575 -0.85 0.7825 -0.85 0 P 0
L 0.7575 0.19 0.7825 0.19 0 P 0
L 0.7575 0.71 0.7825 0.71 0 P 0
L 0.76 -0.0025 0.76 0.0225 0 P 0
L 0.76 -0.5225 0.76 -0.4975 0 P 0
L 0.76 0.5175 0.76 0.5425 0 P 0
L 0.76 1.0375 0.76 1.0625 0 P 0
L 0.7647441 -2.18 0.7897441 -2.18 0 P 0
L 0.766875 2.545 0.776875 2.545 0 P 0
L 0.77 -0.3425 0.77 -0.3175 0 P 0
L 0.77 -0.8625 0.77 -0.8375 0 P 0
L 0.77 0.1775 0.77 0.2025 0 P 0
L 0.77 0.6975 0.77 0.7225 0 P 0
L 0.771875 2.54 0.771875 2.55 0 P 0
L 0.7772441 -2.1925 0.7772441 -2.1675 0 P 0
L 0.7838583 -1.924 0.8153543 -1.924 0 P 0
L 0.785 -0.5904724 0.795 -0.5904724 0 P 0
L 0.785 -0.6204724 0.795 -0.6204724 0 P 0
L 0.79 -0.5954724 0.79 -0.5854724 0 P 0
L 0.79 -0.6254724 0.79 -0.6154724 0 P 0
L 0.795 2 0.805 2 0 P 0
L 0.795 2.15 0.805 2.15 0 P 0
L 0.795 2.3 0.805 2.3 0 P 0
L 0.7975 -0.51 0.8225 -0.51 0 P 0
L 0.7975 0.01 0.8225 0.01 0 P 0
L 0.7975 0.53 0.8225 0.53 0 P 0
L 0.7975 1.05 0.8225 1.05 0 P 0
L 0.7996063 -1.939748 0.7996063 -1.908252 0 P 0
L 0.8 1.995 0.8 2.005 0 P 0
L 0.8 2.145 0.8 2.155 0 P 0
L 0.8 2.295 0.8 2.305 0 P 0
L 0.8011402 -2.545 0.8111402 -2.545 0 P 0
L 0.8061402 -2.55 0.8061402 -2.54 0 P 0
L 0.81 -0.0025 0.81 0.0225 0 P 0
L 0.81 -0.5225 0.81 -0.4975 0 P 0
L 0.81 0.5175 0.81 0.5425 0 P 0
L 0.81 1.0375 0.81 1.0625 0 P 0
L 0.82625 2.545 0.83625 2.545 0 P 0
L 0.83125 2.54 0.83125 2.55 0 P 0
L 0.835 -0.18 0.845 -0.18 0 P 0
L 0.835 -0.24 0.845 -0.24 0 P 0
L 0.84 -0.185 0.84 -0.175 0 P 0
L 0.84 -0.245 0.84 -0.235 0 P 0
L 0.8608544 -2.545 0.8708544 -2.545 0 P 0
L 0.865 -2.18 0.875 -2.18 0 P 0
L 0.8658544 -2.55 0.8658544 -2.54 0 P 0
L 0.87 -2.185 0.87 -2.175 0 P 0
L 0.885625 2.545 0.895625 2.545 0 P 0
L 0.890625 2.54 0.890625 2.55 0 P 0
L 0.895 -2.45 0.905 -2.45 0 P 0
L 0.8955118 -2.18 0.9055118 -2.18 0 P 0
L 0.9 -2.455 0.9 -2.445 0 P 0
L 0.9005118 -2.185 0.9005118 -2.175 0 P 0
L 0.905 -1.9 0.915 -1.9 0 P 0
L 0.905 -1.96 0.915 -1.96 0 P 0
L 0.91 -1.905 0.91 -1.895 0 P 0
L 0.91 -1.965 0.91 -1.955 0 P 0
L 0.9205686 -2.545 0.9305686 -2.545 0 P 0
L 0.9255686 -2.55 0.9255686 -2.54 0 P 0
L 0.935 -0.45 0.945 -0.45 0 P 0
L 0.935 0.07 0.945 0.07 0 P 0
L 0.935 0.59 0.945 0.59 0 P 0
L 0.935 1.11 0.945 1.11 0 P 0
L 0.94 -0.455 0.94 -0.445 0 P 0
L 0.94 0.065 0.94 0.075 0 P 0
L 0.94 0.585 0.94 0.595 0 P 0
L 0.94 1.105 0.94 1.115 0 P 0
L 0.945 2 0.955 2 0 P 0
L 0.945 2.15 0.955 2.15 0 P 0
L 0.945 2.3 0.955 2.3 0 P 0
L 0.945 2.36125 0.955 2.36125 0 P 0
L 0.945 2.4225 0.955 2.4225 0 P 0
L 0.945 2.48375 0.955 2.48375 0 P 0
L 0.945 2.545 0.955 2.545 0 P 0
L 0.95 1.995 0.95 2.005 0 P 0
L 0.95 2.145 0.95 2.155 0 P 0
L 0.95 2.295 0.95 2.305 0 P 0
L 0.95 2.35625 0.95 2.36625 0 P 0
L 0.95 2.4175 0.95 2.4275 0 P 0
L 0.95 2.47875 0.95 2.48875 0 P 0
L 0.95 2.54 0.95 2.55 0 P 0
L 0.9802828 -2.545 0.9902828 -2.545 0 P 0
L 0.9825985 -1.09 0.9925985 -1.09 0 P 0
L 0.9852828 -2.55 0.9852828 -2.54 0 P 0
L 0.9875985 -1.095 0.9875985 -1.085 0 P 0
L 1.0060039 -2 1.0160039 -2 0 P 0
L 1.0065384 2.3 1.0165384 2.3 0 P 0
L 1.0110039 -2.005 1.0110039 -1.995 0 P 0
L 1.0115384 2.295 1.0115384 2.305 0 P 0
L 1.039997 -2.545 1.049997 -2.545 0 P 0
L 1.04 -2.115 1.05 -2.115 0 P 0
L 1.0400001 -2.1764285 1.0500001 -2.1764285 0 P 0
L 1.0400001 -2.237857 1.0500001 -2.237857 0 P 0
L 1.0400001 -2.2992855 1.0500001 -2.2992855 0 P 0
L 1.0400001 -2.360714 1.0500001 -2.360714 0 P 0
L 1.0400001 -2.4221425 1.0500001 -2.4221425 0 P 0
L 1.0400001 -2.483571 1.0500001 -2.483571 0 P 0
L 1.044997 -2.55 1.044997 -2.54 0 P 0
L 1.045 -2.12 1.045 -2.11 0 P 0
L 1.0450001 -2.1814285 1.0450001 -2.1714285 0 P 0
L 1.0450001 -2.242857 1.0450001 -2.232857 0 P 0
L 1.0450001 -2.3042855 1.0450001 -2.2942855 0 P 0
L 1.0450001 -2.365714 1.0450001 -2.355714 0 P 0
L 1.0450001 -2.4271425 1.0450001 -2.4171425 0 P 0
L 1.0450001 -2.488571 1.0450001 -2.478571 0 P 0
L 1.0680768 2.3 1.0780768 2.3 0 P 0
L 1.0730768 2.295 1.0730768 2.305 0 P 0
L 1.075 -2 1.085 -2 0 P 0
L 1.08 -2.005 1.08 -1.995 0 P 0
L 1.0842874 -1.179937 1.1092874 -1.179937 0 P 0
L 1.095 2 1.105 2 0 P 0
L 1.095 2.15 1.105 2.15 0 P 0
L 1.0967874 -1.192437 1.0967874 -1.167437 0 P 0
L 1.1 1.995 1.1 2.005 0 P 0
L 1.1 2.145 1.1 2.155 0 P 0
L 1.1042857 -2.115 1.1142857 -2.115 0 P 0
L 1.1092857 -2.12 1.1092857 -2.11 0 P 0
L 1.1296152 2.3 1.1396152 2.3 0 P 0
L 1.1346152 2.295 1.1346152 2.305 0 P 0
L 1.135 -1.77 1.145 -1.77 0 P 0
L 1.135 -2 1.145 -2 0 P 0
L 1.14 -1.775 1.14 -1.765 0 P 0
L 1.14 -2.005 1.14 -1.995 0 P 0
L 1.1685714 -2.115 1.1785714 -2.115 0 P 0
L 1.1735714 -2.12 1.1735714 -2.11 0 P 0
L 1.1911536 2.3 1.2011536 2.3 0 P 0
L 1.195 -2 1.205 -2 0 P 0
L 1.1961536 2.295 1.1961536 2.305 0 P 0
L 1.2 -2.005 1.2 -1.995 0 P 0
L 1.215 1.48 1.225 1.48 0 P 0
L 1.22 1.475 1.22 1.485 0 P 0
L 1.2328571 -2.115 1.2428571 -2.115 0 P 0
L 1.235 1.13 1.245 1.13 0 P 0
L 1.235 1.17 1.245 1.17 0 P 0
L 1.2378571 -2.12 1.2378571 -2.11 0 P 0
L 1.24 1.125 1.24 1.135 0 P 0
L 1.24 1.165 1.24 1.175 0 P 0
L 1.25 1.51 1.26 1.51 0 P 0
L 1.25 2 1.26 2 0 P 0
L 1.25 2.15 1.26 2.15 0 P 0
L 1.252692 2.3 1.262692 2.3 0 P 0
L 1.255 1.505 1.255 1.515 0 P 0
L 1.255 1.995 1.255 2.005 0 P 0
L 1.255 2.145 1.255 2.155 0 P 0
L 1.257692 2.295 1.257692 2.305 0 P 0
L 1.27 1.82 1.28 1.82 0 P 0
L 1.275 1.815 1.275 1.825 0 P 0
L 1.285 1.54 1.295 1.54 0 P 0
L 1.285 1.68 1.295 1.68 0 P 0
L 1.29 1.535 1.29 1.545 0 P 0
L 1.29 1.675 1.29 1.685 0 P 0
L 1.2971428 -2.115 1.3071428 -2.115 0 P 0
L 1.3021428 -2.12 1.3021428 -2.11 0 P 0
L 1.3142304 2.3 1.3242304 2.3 0 P 0
L 1.3170473 1.23 1.3270473 1.23 0 P 0
L 1.3192304 2.295 1.3192304 2.305 0 P 0
L 1.3200001 1.57 1.3300001 1.57 0 P 0
L 1.3220473 1.225 1.3220473 1.235 0 P 0
L 1.325 1.82 1.335 1.82 0 P 0
L 1.3250001 1.565 1.3250001 1.575 0 P 0
L 1.33 1.815 1.33 1.825 0 P 0
L 1.345 -1.8 1.355 -1.8 0 P 0
L 1.345 -1.95 1.355 -1.95 0 P 0
L 1.3485433 1.68 1.3585433 1.68 0 P 0
L 1.35 -1.805 1.35 -1.795 0 P 0
L 1.35 -1.955 1.35 -1.945 0 P 0
L 1.3535433 1.675 1.3535433 1.685 0 P 0
L 1.3614285 -2.115 1.3714285 -2.115 0 P 0
L 1.3664285 -2.12 1.3664285 -2.11 0 P 0
L 1.3757688 2.3 1.3857688 2.3 0 P 0
L 1.38 1.82 1.39 1.82 0 P 0
L 1.3800394 1.23 1.3900394 1.23 0 P 0
L 1.3807688 2.295 1.3807688 2.305 0 P 0
L 1.385 1.815 1.385 1.825 0 P 0
L 1.3850394 1.225 1.3850394 1.235 0 P 0
L 1.395 1.13 1.405 1.13 0 P 0
L 1.395 1.17 1.405 1.17 0 P 0
L 1.395 2 1.405 2 0 P 0
L 1.395 2.15 1.405 2.15 0 P 0
L 1.4 1.125 1.4 1.135 0 P 0
L 1.4 1.165 1.4 1.175 0 P 0
L 1.4 1.995 1.4 2.005 0 P 0
L 1.4 2.145 1.4 2.155 0 P 0
L 1.4125 -1.22 1.4375 -1.22 0 P 0
L 1.425 -1.2325 1.425 -1.2075 0 P 0
L 1.4257142 -2.1150005 1.4357142 -2.1150005 0 P 0
L 1.4307142 -2.1200005 1.4307142 -2.1100005 0 P 0
L 1.435 -1.42 1.445 -1.42 0 P 0
L 1.435 -1.4810039 1.445 -1.4810039 0 P 0
L 1.4373072 2.3 1.4473072 2.3 0 P 0
L 1.44 -1.425 1.44 -1.415 0 P 0
L 1.44 -1.4860039 1.44 -1.4760039 0 P 0
L 1.44 1.01 1.45 1.01 0 P 0
L 1.4423072 2.295 1.4423072 2.305 0 P 0
L 1.4430315 1.23 1.4530315 1.23 0 P 0
L 1.445 1.005 1.445 1.015 0 P 0
L 1.4480315 1.225 1.4480315 1.235 0 P 0
L 1.46 1.68 1.47 1.68 0 P 0
L 1.465 1.675 1.465 1.685 0 P 0
L 1.475 1.045 1.485 1.045 0 P 0
L 1.48 1.04 1.48 1.05 0 P 0
L 1.485 1.83 1.495 1.83 0 P 0
L 1.485 1.87 1.495 1.87 0 P 0
L 1.4899999 -2.1150005 1.4999999 -2.1150005 0 P 0
L 1.49 -2.176429 1.5 -2.176429 0 P 0
L 1.49 -2.2378575 1.5 -2.2378575 0 P 0
L 1.49 -2.299286 1.5 -2.299286 0 P 0
L 1.49 -2.3607145 1.5 -2.3607145 0 P 0
L 1.49 -2.422143 1.5 -2.422143 0 P 0
L 1.49 -2.4835715 1.5 -2.4835715 0 P 0
L 1.49 -2.545 1.5 -2.545 0 P 0
L 1.49 1.825 1.49 1.835 0 P 0
L 1.49 1.865 1.49 1.875 0 P 0
L 1.4949999 -2.1200005 1.4949999 -2.1100005 0 P 0
L 1.495 -1.95 1.505 -1.95 0 P 0
L 1.495 -2.181429 1.495 -2.171429 0 P 0
L 1.495 -2.2428575 1.495 -2.2328575 0 P 0
L 1.495 -2.304286 1.495 -2.294286 0 P 0
L 1.495 -2.3657145 1.495 -2.3557145 0 P 0
L 1.495 -2.427143 1.495 -2.417143 0 P 0
L 1.495 -2.4885715 1.495 -2.4785715 0 P 0
L 1.495 -2.55 1.495 -2.54 0 P 0
L 1.4975 -1.045 1.5225 -1.045 0 P 0
L 1.4988456 2.3 1.5088456 2.3 0 P 0
L 1.5 -1.955 1.5 -1.945 0 P 0
L 1.5038456 2.295 1.5038456 2.305 0 P 0
L 1.505 -1.54 1.515 -1.54 0 P 0
L 1.505 -1.6 1.515 -1.6 0 P 0
L 1.5060236 1.68 1.5160236 1.68 0 P 0
L 1.51 -1.0575 1.51 -1.0325 0 P 0
L 1.51 -1.3 1.52 -1.3 0 P 0
L 1.51 -1.36 1.52 -1.36 0 P 0
L 1.51 -1.545 1.51 -1.535 0 P 0
L 1.51 -1.605 1.51 -1.595 0 P 0
L 1.5110236 1.675 1.5110236 1.685 0 P 0
L 1.515 -1.305 1.515 -1.295 0 P 0
L 1.515 -1.365 1.515 -1.355 0 P 0
L 1.5375197 1.77 1.5475197 1.77 0 P 0
L 1.5425197 1.765 1.5425197 1.775 0 P 0
L 1.545 2 1.555 2 0 P 0
L 1.545 2.15 1.555 2.15 0 P 0
L 1.5475 1.04 1.5725 1.04 0 P 0
L 1.5489285 -2.545 1.5589285 -2.545 0 P 0
L 1.55 1.995 1.55 2.005 0 P 0
L 1.55 2.145 1.55 2.155 0 P 0
L 1.5539285 -2.55 1.5539285 -2.54 0 P 0
L 1.555 1.68 1.565 1.68 0 P 0
L 1.56 1.0275 1.56 1.0525 0 P 0
L 1.56 1.675 1.56 1.685 0 P 0
L 1.560384 2.3 1.570384 2.3 0 P 0
L 1.565384 2.295 1.565384 2.305 0 P 0
L 1.575 1.13 1.585 1.13 0 P 0
L 1.575 1.17 1.585 1.17 0 P 0
L 1.58 1.125 1.58 1.135 0 P 0
L 1.58 1.165 1.58 1.175 0 P 0
L 1.6005118 1.68 1.6105118 1.68 0 P 0
L 1.605 -1.115 1.615 -1.115 0 P 0
L 1.6055118 1.675 1.6055118 1.685 0 P 0
L 1.6075 1.04 1.6325 1.04 0 P 0
L 1.607857 -2.545 1.617857 -2.545 0 P 0
L 1.61 -1.12 1.61 -1.11 0 P 0
L 1.612857 -2.55 1.612857 -2.54 0 P 0
L 1.62 1.0275 1.62 1.0525 0 P 0
L 1.6219224 2.3 1.6319224 2.3 0 P 0
L 1.6269224 2.295 1.6269224 2.305 0 P 0
L 1.6320079 1.23 1.6420079 1.23 0 P 0
L 1.6370079 1.225 1.6370079 1.235 0 P 0
L 1.64 1.405 1.65 1.405 0 P 0
L 1.645 -1.47 1.655 -1.47 0 P 0
L 1.645 -1.95 1.655 -1.95 0 P 0
L 1.645 -2.1 1.655 -2.1 0 P 0
L 1.645 -2.25 1.655 -2.25 0 P 0
L 1.645 -2.4 1.655 -2.4 0 P 0
L 1.645 1.4 1.645 1.41 0 P 0
L 1.65 -1.475 1.65 -1.465 0 P 0
L 1.65 -1.955 1.65 -1.945 0 P 0
L 1.65 -2.105 1.65 -2.095 0 P 0
L 1.65 -2.255 1.65 -2.245 0 P 0
L 1.65 -2.405 1.65 -2.395 0 P 0
L 1.655 1.13 1.665 1.13 0 P 0
L 1.655 1.17 1.665 1.17 0 P 0
L 1.66 1.125 1.66 1.135 0 P 0
L 1.66 1.165 1.66 1.175 0 P 0
L 1.663504 1.68 1.673504 1.68 0 P 0
L 1.6667855 -2.545 1.6767855 -2.545 0 P 0
L 1.668504 1.675 1.668504 1.685 0 P 0
L 1.6717855 -2.55 1.6717855 -2.54 0 P 0
L 1.675 1.83 1.685 1.83 0 P 0
L 1.675 1.87 1.685 1.87 0 P 0
L 1.68 1.825 1.68 1.835 0 P 0
L 1.68 1.865 1.68 1.875 0 P 0
L 1.6834608 2.3 1.6934608 2.3 0 P 0
L 1.6884608 2.295 1.6884608 2.305 0 P 0
L 1.695 1.77 1.705 1.77 0 P 0
L 1.695 2 1.705 2 0 P 0
L 1.695 2.15 1.705 2.15 0 P 0
L 1.7 1.765 1.7 1.775 0 P 0
L 1.7 1.995 1.7 2.005 0 P 0
L 1.7 2.145 1.7 2.155 0 P 0
L 1.705 1.595 1.715 1.595 0 P 0
L 1.71 1.59 1.71 1.6 0 P 0
L 1.725126 -1.02 1.735126 -1.02 0 P 0
L 1.725714 -2.545 1.735714 -2.545 0 P 0
L 1.730126 -1.025 1.730126 -1.015 0 P 0
L 1.730714 -2.55 1.730714 -2.54 0 P 0
L 1.735 -1.799 1.745 -1.799 0 P 0
L 1.74 -1.804 1.74 -1.794 0 P 0
L 1.74 1.33 1.75 1.33 0 P 0
L 1.7449992 2.3 1.7549992 2.3 0 P 0
L 1.745 1.325 1.745 1.335 0 P 0
L 1.745 2.36125 1.755 2.36125 0 P 0
L 1.745 2.4225 1.755 2.4225 0 P 0
L 1.745 2.48375 1.755 2.48375 0 P 0
L 1.745 2.545 1.755 2.545 0 P 0
L 1.7499992 2.295 1.7499992 2.305 0 P 0
L 1.75 2.35625 1.75 2.36625 0 P 0
L 1.75 2.4175 1.75 2.4275 0 P 0
L 1.75 2.47875 1.75 2.48875 0 P 0
L 1.75 2.54 1.75 2.55 0 P 0
L 1.752 -0.83 1.762 -0.83 0 P 0
L 1.752 -0.9 1.762 -0.9 0 P 0
L 1.757 -0.835 1.757 -0.825 0 P 0
L 1.757 -0.905 1.757 -0.895 0 P 0
L 1.7846425 -2.545 1.7946425 -2.545 0 P 0
L 1.7894882 1.17 1.7994882 1.17 0 P 0
L 1.7894882 1.23 1.7994882 1.23 0 P 0
L 1.7896425 -2.55 1.7896425 -2.54 0 P 0
L 1.7944882 1.165 1.7944882 1.175 0 P 0
L 1.7944882 1.225 1.7944882 1.235 0 P 0
L 1.795 -1.95 1.805 -1.95 0 P 0
L 1.795 -2.1 1.805 -2.1 0 P 0
L 1.795 -2.25 1.805 -2.25 0 P 0
L 1.795 -2.4 1.805 -2.4 0 P 0
L 1.7957756 -1.08 1.8207756 -1.08 0 P 0
L 1.7957756 -1.3966733 1.8207756 -1.3966733 0 P 0
L 1.797 -1.799 1.807 -1.799 0 P 0
L 1.8 -1.955 1.8 -1.945 0 P 0
L 1.8 -2.105 1.8 -2.095 0 P 0
L 1.8 -2.255 1.8 -2.245 0 P 0
L 1.8 -2.405 1.8 -2.395 0 P 0
L 1.802 -1.804 1.802 -1.794 0 P 0
L 1.805 -1.13 1.815 -1.13 0 P 0
L 1.805 -1.18 1.815 -1.18 0 P 0
L 1.805 -1.23 1.815 -1.23 0 P 0
L 1.8082756 -1.0925 1.8082756 -1.0675 0 P 0
L 1.8082756 -1.4091733 1.8082756 -1.3841733 0 P 0
L 1.8083333 2.545 1.8183333 2.545 0 P 0
L 1.81 -1.135 1.81 -1.125 0 P 0
L 1.81 -1.185 1.81 -1.175 0 P 0
L 1.81 -1.235 1.81 -1.225 0 P 0
L 1.8133333 2.54 1.8133333 2.55 0 P 0
L 1.8209843 1.77 1.8309843 1.77 0 P 0
L 1.8259843 1.765 1.8259843 1.775 0 P 0
L 1.84 1.595 1.85 1.595 0 P 0
L 1.843571 -2.545 1.853571 -2.545 0 P 0
L 1.845 1.59 1.845 1.6 0 P 0
L 1.845 1.85 1.855 1.85 0 P 0
L 1.845 2 1.855 2 0 P 0
L 1.845 2.15 1.855 2.15 0 P 0
L 1.845 2.3 1.855 2.3 0 P 0
L 1.845 2.45 1.855 2.45 0 P 0
L 1.848571 -2.55 1.848571 -2.54 0 P 0
L 1.85 1.845 1.85 1.855 0 P 0
L 1.85 1.995 1.85 2.005 0 P 0
L 1.85 2.145 1.85 2.155 0 P 0
L 1.85 2.295 1.85 2.305 0 P 0
L 1.85 2.445 1.85 2.455 0 P 0
L 1.8510039 -0.79 1.8610039 -0.79 0 P 0
L 1.855 1.365 1.865 1.365 0 P 0
L 1.855 1.415 1.865 1.415 0 P 0
L 1.8560039 -0.795 1.8560039 -0.785 0 P 0
L 1.857 -1.799 1.867 -1.799 0 P 0
L 1.86 1.36 1.86 1.37 0 P 0
L 1.86 1.41 1.86 1.42 0 P 0
L 1.862 -1.804 1.862 -1.794 0 P 0
L 1.8716666 2.545 1.8816666 2.545 0 P 0
L 1.8766666 2.54 1.8766666 2.55 0 P 0
L 1.8839764 1.68 1.8939764 1.68 0 P 0
L 1.8889764 1.675 1.8889764 1.685 0 P 0
L 1.8980787 -1.0683155 1.9080787 -1.0683155 0 P 0
L 1.9024995 -2.545 1.9124995 -2.545 0 P 0
L 1.9030787 -1.0733155 1.9030787 -1.0633155 0 P 0
L 1.905 -0.2189961 1.915 -0.2189961 0 P 0
L 1.905 0.2510039 1.915 0.2510039 0 P 0
L 1.9074995 -2.55 1.9074995 -2.54 0 P 0
L 1.91 -0.2239961 1.91 -0.2139961 0 P 0
L 1.91 0.2460039 1.91 0.2560039 0 P 0
L 1.915 1.44 1.925 1.44 0 P 0
L 1.9154725 1.32 1.9254725 1.32 0 P 0
L 1.9154725 1.63 1.9254725 1.63 0 P 0
L 1.92 1.435 1.92 1.445 0 P 0
L 1.9204725 1.315 1.9204725 1.325 0 P 0
L 1.9204725 1.625 1.9204725 1.635 0 P 0
L 1.9275 -1.3 1.9525 -1.3 0 P 0
L 1.9349999 2.545 1.9449999 2.545 0 P 0
L 1.9379803 -1.52 1.9629803 -1.52 0 P 0
L 1.9399999 2.54 1.9399999 2.55 0 P 0
L 1.94 -1.3125 1.94 -1.2875 0 P 0
L 1.945 -0.32 1.955 -0.32 0 P 0
L 1.945 -1.95 1.955 -1.95 0 P 0
L 1.945 -2.1 1.955 -2.1 0 P 0
L 1.945 -2.25 1.955 -2.25 0 P 0
L 1.945 -2.4 1.955 -2.4 0 P 0
L 1.945 0.15 1.955 0.15 0 P 0
L 1.9454803 -1.0683155 1.9554803 -1.0683155 0 P 0
L 1.9469685 1.595 1.9569685 1.595 0 P 0
L 1.95 -0.325 1.95 -0.315 0 P 0
L 1.95 -1.955 1.95 -1.945 0 P 0
L 1.95 -2.105 1.95 -2.095 0 P 0
L 1.95 -2.255 1.95 -2.245 0 P 0
L 1.95 -2.405 1.95 -2.395 0 P 0
L 1.95 0.145 1.95 0.155 0 P 0
L 1.9504803 -1.0733155 1.9504803 -1.0633155 0 P 0
L 1.9504803 -1.5325 1.9504803 -1.5075 0 P 0
L 1.9519685 1.59 1.9519685 1.6 0 P 0
L 1.955 1.17 1.965 1.17 0 P 0
L 1.96 1.165 1.96 1.175 0 P 0
L 1.961428 -2.545 1.971428 -2.545 0 P 0
L 1.966428 -2.55 1.966428 -2.54 0 P 0
L 1.9784646 1.5608574 1.9884646 1.5608574 0 P 0
L 1.98 -0.8 1.99 -0.8 0 P 0
L 1.9834646 1.5558574 1.9834646 1.5658574 0 P 0
L 1.985 -0.805 1.985 -0.795 0 P 0
L 1.985 1.135 1.995 1.135 0 P 0
L 1.99 1.13 1.99 1.14 0 P 0
L 1.995 -0.6 2.005 -0.6 0 P 0
L 1.995 0.5 2.005 0.5 0 P 0
L 1.995 1.85 2.005 1.85 0 P 0
L 1.995 2.15 2.005 2.15 0 P 0
L 1.995 2.3 2.005 2.3 0 P 0
L 1.995 2.45 2.005 2.45 0 P 0
L 1.9983332 2.545 2.0083332 2.545 0 P 0
L 2 -0.605 2 -0.595 0 P 0
L 2 0.495 2 0.505 0 P 0
L 2 1.845 2 1.855 0 P 0
L 2 2.145 2 2.155 0 P 0
L 2 2.295 2 2.305 0 P 0
L 2 2.445 2 2.455 0 P 0
L 2.0033332 2.54 2.0033332 2.55 0 P 0
L 2.01 1.525 2.02 1.525 0 P 0
L 2.015 -0.01 2.025 -0.01 0 P 0
L 2.015 -0.32 2.025 -0.32 0 P 0
L 2.015 0.15 2.025 0.15 0 P 0
L 2.015 0.46 2.025 0.46 0 P 0
L 2.015 1.17 2.025 1.17 0 P 0
L 2.015 1.52 2.015 1.53 0 P 0
L 2.02 -0.015 2.02 -0.005 0 P 0
L 2.02 -0.325 2.02 -0.315 0 P 0
L 2.02 0.145 2.02 0.155 0 P 0
L 2.02 0.455 2.02 0.465 0 P 0
L 2.02 1.165 2.02 1.175 0 P 0
L 2.0203565 -2.545 2.0303565 -2.545 0 P 0
L 2.0253565 -2.55 2.0253565 -2.54 0 P 0
L 2.04 -0.8 2.05 -0.8 0 P 0
L 2.0414567 1.77 2.0514567 1.77 0 P 0
L 2.045 -0.805 2.045 -0.795 0 P 0
L 2.045 1.135 2.055 1.135 0 P 0
L 2.0455 -1.18 2.0705 -1.18 0 P 0
L 2.0455 -1.42 2.0705 -1.42 0 P 0
L 2.0464567 1.765 2.0464567 1.775 0 P 0
L 2.05 1.13 2.05 1.14 0 P 0
L 2.058 -1.1925 2.058 -1.1675 0 P 0
L 2.058 -1.4325 2.058 -1.4075 0 P 0
L 2.0616665 2.545 2.0716665 2.545 0 P 0
L 2.0666665 2.54 2.0666665 2.55 0 P 0
L 2.0730864 1.68 2.0830864 1.68 0 P 0
L 2.0780864 1.675 2.0780864 1.685 0 P 0
L 2.079285 -2.545 2.089285 -2.545 0 P 0
L 2.084285 -2.55 2.084285 -2.54 0 P 0
L 2.095 -1.95 2.105 -1.95 0 P 0
L 2.095 -2.1050001 2.105 -2.1050001 0 P 0
L 2.095 -2.25 2.105 -2.25 0 P 0
L 2.095 -2.4 2.105 -2.4 0 P 0
L 2.1 -0.8 2.11 -0.8 0 P 0
L 2.1 -1.955 2.1 -1.945 0 P 0
L 2.1 -2.1100001 2.1 -2.1000001 0 P 0
L 2.1 -2.255 2.1 -2.245 0 P 0
L 2.1 -2.405 2.1 -2.395 0 P 0
L 2.1044488 1.77 2.1144488 1.77 0 P 0
L 2.105 -0.805 2.105 -0.795 0 P 0
L 2.1094488 1.765 2.1094488 1.775 0 P 0
L 2.1249998 2.545 2.1349998 2.545 0 P 0
L 2.1299998 2.54 2.1299998 2.55 0 P 0
L 2.1382135 -2.545 2.1482135 -2.545 0 P 0
L 2.1432135 -2.55 2.1432135 -2.54 0 P 0
L 2.145 -0.065 2.155 -0.065 0 P 0
L 2.145 -0.6 2.155 -0.6 0 P 0
L 2.145 0.405 2.155 0.405 0 P 0
L 2.145 0.5 2.155 0.5 0 P 0
L 2.145 0.65 2.155 0.65 0 P 0
L 2.145 1.13 2.155 1.13 0 P 0
L 2.145 1.17 2.155 1.17 0 P 0
L 2.145 1.85 2.155 1.85 0 P 0
L 2.145 2 2.155 2 0 P 0
L 2.145 2.15 2.155 2.15 0 P 0
L 2.145 2.3 2.155 2.3 0 P 0
L 2.145 2.45 2.155 2.45 0 P 0
L 2.15 -0.07 2.15 -0.06 0 P 0
L 2.15 -0.605 2.15 -0.595 0 P 0
L 2.15 0.4 2.15 0.41 0 P 0
L 2.15 0.495 2.15 0.505 0 P 0
L 2.15 0.645 2.15 0.655 0 P 0
L 2.15 1.125 2.15 1.135 0 P 0
L 2.15 1.165 2.15 1.175 0 P 0
L 2.15 1.845 2.15 1.855 0 P 0
L 2.15 1.995 2.15 2.005 0 P 0
L 2.15 2.145 2.15 2.155 0 P 0
L 2.15 2.295 2.15 2.305 0 P 0
L 2.15 2.445 2.15 2.455 0 P 0
L 2.16 -0.8 2.17 -0.8 0 P 0
L 2.165 -0.805 2.165 -0.795 0 P 0
L 2.1675 -1.3 2.1925 -1.3 0 P 0
L 2.175 -0.115 2.185 -0.115 0 P 0
L 2.175 0.355 2.185 0.355 0 P 0
L 2.18 -0.12 2.18 -0.11 0 P 0
L 2.18 -1.3125 2.18 -1.2875 0 P 0
L 2.18 0.35 2.18 0.36 0 P 0
L 2.1824882 -1.799 2.1924882 -1.799 0 P 0
L 2.1874882 -1.804 2.1874882 -1.794 0 P 0
L 2.1883331 2.545 2.1983331 2.545 0 P 0
L 2.1933331 2.54 2.1933331 2.55 0 P 0
L 2.197142 -2.545 2.207142 -2.545 0 P 0
L 2.202142 -2.55 2.202142 -2.54 0 P 0
L 2.205 -0.165 2.215 -0.165 0 P 0
L 2.205 0.305 2.215 0.305 0 P 0
L 2.21 -0.17 2.21 -0.16 0 P 0
L 2.21 0.3 2.21 0.31 0 P 0
L 2.245 -1.95 2.255 -1.95 0 P 0
L 2.245 -2.1050001 2.255 -2.1050001 0 P 0
L 2.25 -1.955 2.25 -1.945 0 P 0
L 2.25 -2.1100001 2.25 -2.1000001 0 P 0
L 2.2516664 2.545 2.2616664 2.545 0 P 0
L 2.2560705 -2.545 2.2660705 -2.545 0 P 0
L 2.2566664 2.54 2.2566664 2.55 0 P 0
L 2.2610705 -2.55 2.2610705 -2.54 0 P 0
L 2.2679922 -0.065 2.2779922 -0.065 0 P 0
L 2.2679922 -0.214432 2.2779922 -0.214432 0 P 0
L 2.2679922 0.255 2.2779922 0.255 0 P 0
L 2.2679922 0.405 2.2779922 0.405 0 P 0
L 2.2729922 -0.07 2.2729922 -0.06 0 P 0
L 2.2729922 -0.219432 2.2729922 -0.209432 0 P 0
L 2.2729922 0.25 2.2729922 0.26 0 P 0
L 2.2729922 0.4 2.2729922 0.41 0 P 0
L 2.287 2.349 2.457 2.349 0 P 0
L 2.295 -0.45 2.305 -0.45 0 P 0
L 2.295 -0.6 2.305 -0.6 0 P 0
L 2.295 -0.75 2.305 -0.75 0 P 0
L 2.295 0.5 2.305 0.5 0 P 0
L 2.295 0.65 2.305 0.65 0 P 0
L 2.295 0.8 2.305 0.8 0 P 0
L 2.295 0.95 2.305 0.95 0 P 0
L 2.295 1.1 2.305 1.1 0 P 0
L 2.295 1.25 2.305 1.25 0 P 0
L 2.295 1.4 2.305 1.4 0 P 0
L 2.295 1.55 2.305 1.55 0 P 0
L 2.295 1.7 2.305 1.7 0 P 0
L 2.295 1.85 2.305 1.85 0 P 0
L 2.295 2 2.305 2 0 P 0
L 2.295 2.15 2.305 2.15 0 P 0
L 2.3 -0.455 2.3 -0.445 0 P 0
L 2.3 -0.605 2.3 -0.595 0 P 0
L 2.3 -0.755 2.3 -0.745 0 P 0
L 2.3 0.495 2.3 0.505 0 P 0
L 2.3 0.645 2.3 0.655 0 P 0
L 2.3 0.795 2.3 0.805 0 P 0
L 2.3 0.945 2.3 0.955 0 P 0
L 2.3 1.095 2.3 1.105 0 P 0
L 2.3 1.245 2.3 1.255 0 P 0
L 2.3 1.395 2.3 1.405 0 P 0
L 2.3 1.545 2.3 1.555 0 P 0
L 2.3 1.695 2.3 1.705 0 P 0
L 2.3 1.845 2.3 1.855 0 P 0
L 2.3 1.995 2.3 2.005 0 P 0
L 2.3 2.145 2.3 2.155 0 P 0
L 2.314999 -2.545 2.324999 -2.545 0 P 0
L 2.3149997 2.545 2.3249997 2.545 0 P 0
L 2.3171929 -1.52 2.3421929 -1.52 0 P 0
L 2.319999 -2.55 2.319999 -2.54 0 P 0
L 2.3199997 2.54 2.3199997 2.55 0 P 0
L 2.3246929 -0.8 2.3346929 -0.8 0 P 0
L 2.327 -2.349 2.417 -2.349 0 P 0
L 2.3296929 -0.805 2.3296929 -0.795 0 P 0
L 2.3296929 -1.5325 2.3296929 -1.5075 0 P 0
L 2.335 -1.3050012 2.345 -1.3050012 0 P 0
L 2.335 -1.3657154 2.345 -1.3657154 0 P 0
L 2.335 -1.4264296 2.345 -1.4264296 0 P 0
L 2.335 -1.6692864 2.345 -1.6692864 0 P 0
L 2.335 -1.7300006 2.345 -1.7300006 0 P 0
L 2.335 -1.7907148 2.345 -1.7907148 0 P 0
L 2.335 -1.851429 2.345 -1.851429 0 P 0
L 2.335 -1.9121432 2.345 -1.9121432 0 P 0
L 2.335 -1.9728574 2.345 -1.9728574 0 P 0
L 2.335 -2.0335716 2.345 -2.0335716 0 P 0
L 2.335 -2.0942858 2.345 -2.0942858 0 P 0
L 2.335 -2.155 2.345 -2.155 0 P 0
L 2.34 -1.3100012 2.34 -1.3000012 0 P 0
L 2.34 -1.3707154 2.34 -1.3607154 0 P 0
L 2.34 -1.4314296 2.34 -1.4214296 0 P 0
L 2.34 -1.6742864 2.34 -1.6642864 0 P 0
L 2.34 -1.7350006 2.34 -1.7250006 0 P 0
L 2.34 -1.7957148 2.34 -1.7857148 0 P 0
L 2.34 -1.856429 2.34 -1.846429 0 P 0
L 2.34 -1.9171432 2.34 -1.9071432 0 P 0
L 2.34 -1.9778574 2.34 -1.9678574 0 P 0
L 2.34 -2.0385716 2.34 -2.0285716 0 P 0
L 2.34 -2.0992858 2.34 -2.0892858 0 P 0
L 2.34 -2.16 2.34 -2.15 0 P 0
L 2.3645945 -1.08 2.3895945 -1.08 0 P 0
L 2.372 -2.394 2.372 -2.304 0 P 0
L 2.372 2.264 2.372 2.434 0 P 0
L 2.376 -2.53 2.386 -2.53 0 P 0
L 2.376 2.53 2.386 2.53 0 P 0
L 2.3770945 -1.0925 2.3770945 -1.0675 0 P 0
L 2.38 -0.96 2.39 -0.96 0 P 0
L 2.38 -1.14 2.39 -1.14 0 P 0
L 2.38 -1.195 2.39 -1.195 0 P 0
L 2.38 -1.25 2.39 -1.25 0 P 0
L 2.38 -1.305 2.39 -1.305 0 P 0
L 2.381 -2.535 2.381 -2.525 0 P 0
L 2.381 2.525 2.381 2.535 0 P 0
L 2.385 -0.965 2.385 -0.955 0 P 0
L 2.385 -1.145 2.385 -1.135 0 P 0
L 2.385 -1.2 2.385 -1.19 0 P 0
L 2.385 -1.255 2.385 -1.245 0 P 0
L 2.385 -1.31 2.385 -1.3 0 P 0
L 2.392 -2.155 2.402 -2.155 0 P 0
L 2.395 -0.01 2.405 -0.01 0 P 0
L 2.395 -0.32 2.405 -0.32 0 P 0
L 2.395 0.15 2.405 0.15 0 P 0
L 2.395 0.46 2.405 0.46 0 P 0
L 2.397 -2.16 2.397 -2.15 0 P 0
L 2.4 -0.015 2.4 -0.005 0 P 0
L 2.4 -0.325 2.4 -0.315 0 P 0
L 2.4 0.145 2.4 0.155 0 P 0
L 2.4 0.455 2.4 0.465 0 P 0
L 2.4334181 -2.504 2.4434181 -2.504 0 P 0
L 2.4334181 2.504 2.4434181 2.504 0 P 0
L 2.4384181 -2.509 2.4384181 -2.499 0 P 0
L 2.4384181 2.499 2.4384181 2.509 0 P 0
L 2.441 -0.96 2.451 -0.96 0 P 0
L 2.445 -0.45 2.455 -0.45 0 P 0
L 2.445 -0.6 2.455 -0.6 0 P 0
L 2.445 -0.75 2.455 -0.75 0 P 0
L 2.445 0.5 2.455 0.5 0 P 0
L 2.445 0.65 2.455 0.65 0 P 0
L 2.445 0.8 2.455 0.8 0 P 0
L 2.445 0.95 2.455 0.95 0 P 0
L 2.445 1.1 2.455 1.1 0 P 0
L 2.445 1.25 2.455 1.25 0 P 0
L 2.445 1.4 2.455 1.4 0 P 0
L 2.445 1.55 2.455 1.55 0 P 0
L 2.445 1.7 2.455 1.7 0 P 0
L 2.445 1.85 2.455 1.85 0 P 0
L 2.445 2 2.455 2 0 P 0
L 2.445 2.15 2.455 2.15 0 P 0
L 2.446 -0.965 2.446 -0.955 0 P 0
L 2.449 -2.155 2.459 -2.155 0 P 0
L 2.45 -0.455 2.45 -0.445 0 P 0
L 2.45 -0.605 2.45 -0.595 0 P 0
L 2.45 -0.755 2.45 -0.745 0 P 0
L 2.45 0.495 2.45 0.505 0 P 0
L 2.45 0.645 2.45 0.655 0 P 0
L 2.45 0.795 2.45 0.805 0 P 0
L 2.45 0.945 2.45 0.955 0 P 0
L 2.45 1.095 2.45 1.105 0 P 0
L 2.45 1.245 2.45 1.255 0 P 0
L 2.45 1.395 2.45 1.405 0 P 0
L 2.45 1.545 2.45 1.555 0 P 0
L 2.45 1.695 2.45 1.705 0 P 0
L 2.45 1.845 2.45 1.855 0 P 0
L 2.45 1.995 2.45 2.005 0 P 0
L 2.45 2.145 2.45 2.155 0 P 0
L 2.454 -2.16 2.454 -2.15 0 P 0
L 2.482 -2.464 2.492 -2.464 0 P 0
L 2.482 2.464 2.492 2.464 0 P 0
L 2.487 -2.469 2.487 -2.459 0 P 0
L 2.487 2.459 2.487 2.469 0 P 0
L 2.502 -0.96 2.512 -0.96 0 P 0
L 2.506 -2.155 2.516 -2.155 0 P 0
L 2.507 -0.965 2.507 -0.955 0 P 0
L 2.511 -2.16 2.511 -2.15 0 P 0
L 2.522 -2.4154181 2.532 -2.4154181 0 P 0
L 2.522 2.4154181 2.532 2.4154181 0 P 0
L 2.527 -2.4204181 2.527 -2.4104181 0 P 0
L 2.527 2.4104181 2.527 2.4204181 0 P 0
L 2.548 -2.358 2.558 -2.358 0 P 0
L 2.548 2.358 2.558 2.358 0 P 0
L 2.553 -2.363 2.553 -2.353 0 P 0
L 2.553 2.353 2.553 2.363 0 P 0
L 2.563 -0.055278 2.573 -0.055278 0 P 0
L 2.563 -0.1155928 2.573 -0.1155928 0 P 0
L 2.563 -0.1759076 2.573 -0.1759076 0 P 0
L 2.563 -0.2362224 2.573 -0.2362224 0 P 0
L 2.563 -0.2965372 2.573 -0.2965372 0 P 0
L 2.563 -0.356852 2.573 -0.356852 0 P 0
L 2.563 -0.4171668 2.573 -0.4171668 0 P 0
L 2.563 -0.4774816 2.573 -0.4774816 0 P 0
L 2.563 -0.5377964 2.573 -0.5377964 0 P 0
L 2.563 -0.5981112 2.573 -0.5981112 0 P 0
L 2.563 -0.658426 2.573 -0.658426 0 P 0
L 2.563 -0.7187408 2.573 -0.7187408 0 P 0
L 2.563 -0.7790556 2.573 -0.7790556 0 P 0
L 2.563 -0.8393704 2.573 -0.8393704 0 P 0
L 2.563 -0.8996852 2.573 -0.8996852 0 P 0
L 2.563 -0.96 2.573 -0.96 0 P 0
L 2.563 -2.155 2.573 -2.155 0 P 0
L 2.563 -2.226 2.573 -2.226 0 P 0
L 2.563 -2.297 2.573 -2.297 0 P 0
L 2.563 0.0050368 2.573 0.0050368 0 P 0
L 2.563 0.0653516 2.573 0.0653516 0 P 0
L 2.563 0.1256664 2.573 0.1256664 0 P 0
L 2.563 0.1859812 2.573 0.1859812 0 P 0
L 2.563 0.246296 2.573 0.246296 0 P 0
L 2.563 0.3066108 2.573 0.3066108 0 P 0
L 2.563 0.3669256 2.573 0.3669256 0 P 0
L 2.563 0.4272404 2.573 0.4272404 0 P 0
L 2.563 0.4875552 2.573 0.4875552 0 P 0
L 2.563 0.54787 2.573 0.54787 0 P 0
L 2.563 0.6081848 2.573 0.6081848 0 P 0
L 2.563 0.6684996 2.573 0.6684996 0 P 0
L 2.563 0.7288144 2.573 0.7288144 0 P 0
L 2.563 0.7891292 2.573 0.7891292 0 P 0
L 2.563 0.849444 2.573 0.849444 0 P 0
L 2.563 0.9097588 2.573 0.9097588 0 P 0
L 2.563 0.9700736 2.573 0.9700736 0 P 0
L 2.563 1.0303884 2.573 1.0303884 0 P 0
L 2.563 1.0907032 2.573 1.0907032 0 P 0
L 2.563 1.151018 2.573 1.151018 0 P 0
L 2.563 1.2113328 2.573 1.2113328 0 P 0
L 2.563 1.2716476 2.573 1.2716476 0 P 0
L 2.563 1.3319624 2.573 1.3319624 0 P 0
L 2.563 1.3922772 2.573 1.3922772 0 P 0
L 2.563 1.452592 2.573 1.452592 0 P 0
L 2.563 1.5129068 2.573 1.5129068 0 P 0
L 2.563 1.5732216 2.573 1.5732216 0 P 0
L 2.563 1.6335364 2.573 1.6335364 0 P 0
L 2.563 1.6938512 2.573 1.6938512 0 P 0
L 2.563 1.754166 2.573 1.754166 0 P 0
L 2.563 1.8144808 2.573 1.8144808 0 P 0
L 2.563 1.8747956 2.573 1.8747956 0 P 0
L 2.563 1.9351104 2.573 1.9351104 0 P 0
L 2.563 1.9954252 2.573 1.9954252 0 P 0
L 2.563 2.05574 2.573 2.05574 0 P 0
L 2.563 2.1160548 2.573 2.1160548 0 P 0
L 2.563 2.1763696 2.573 2.1763696 0 P 0
L 2.563 2.2366844 2.573 2.2366844 0 P 0
L 2.563 2.2969992 2.573 2.2969992 0 P 0
L 2.568 -0.060278 2.568 -0.050278 0 P 0
L 2.568 -0.1205928 2.568 -0.1105928 0 P 0
L 2.568 -0.1809076 2.568 -0.1709076 0 P 0
L 2.568 -0.2412224 2.568 -0.2312224 0 P 0
L 2.568 -0.3015372 2.568 -0.2915372 0 P 0
L 2.568 -0.361852 2.568 -0.351852 0 P 0
L 2.568 -0.4221668 2.568 -0.4121668 0 P 0
L 2.568 -0.4824816 2.568 -0.4724816 0 P 0
L 2.568 -0.5427964 2.568 -0.5327964 0 P 0
L 2.568 -0.6031112 2.568 -0.5931112 0 P 0
L 2.568 -0.663426 2.568 -0.653426 0 P 0
L 2.568 -0.7237408 2.568 -0.7137408 0 P 0
L 2.568 -0.7840556 2.568 -0.7740556 0 P 0
L 2.568 -0.8443704 2.568 -0.8343704 0 P 0
L 2.568 -0.9046852 2.568 -0.8946852 0 P 0
L 2.568 -0.965 2.568 -0.955 0 P 0
L 2.568 -2.16 2.568 -2.15 0 P 0
L 2.568 -2.231 2.568 -2.221 0 P 0
L 2.568 -2.302 2.568 -2.292 0 P 0
L 2.568 0.0000368 2.568 0.0100368 0 P 0
L 2.568 0.0603516 2.568 0.0703516 0 P 0
L 2.568 0.1206664 2.568 0.1306664 0 P 0
L 2.568 0.1809812 2.568 0.1909812 0 P 0
L 2.568 0.241296 2.568 0.251296 0 P 0
L 2.568 0.3016108 2.568 0.3116108 0 P 0
L 2.568 0.3619256 2.568 0.3719256 0 P 0
L 2.568 0.4222404 2.568 0.4322404 0 P 0
L 2.568 0.4825552 2.568 0.4925552 0 P 0
L 2.568 0.54287 2.568 0.55287 0 P 0
L 2.568 0.6031848 2.568 0.6131848 0 P 0
L 2.568 0.6634996 2.568 0.6734996 0 P 0
L 2.568 0.7238144 2.568 0.7338144 0 P 0
L 2.568 0.7841292 2.568 0.7941292 0 P 0
L 2.568 0.844444 2.568 0.854444 0 P 0
L 2.568 0.9047588 2.568 0.9147588 0 P 0
L 2.568 0.9650736 2.568 0.9750736 0 P 0
L 2.568 1.0253884 2.568 1.0353884 0 P 0
L 2.568 1.0857032 2.568 1.0957032 0 P 0
L 2.568 1.146018 2.568 1.156018 0 P 0
L 2.568 1.2063328 2.568 1.2163328 0 P 0
L 2.568 1.2666476 2.568 1.2766476 0 P 0
L 2.568 1.3269624 2.568 1.3369624 0 P 0
L 2.568 1.3872772 2.568 1.3972772 0 P 0
L 2.568 1.447592 2.568 1.457592 0 P 0
L 2.568 1.5079068 2.568 1.5179068 0 P 0
L 2.568 1.5682216 2.568 1.5782216 0 P 0
L 2.568 1.6285364 2.568 1.6385364 0 P 0
L 2.568 1.6888512 2.568 1.6988512 0 P 0
L 2.568 1.749166 2.568 1.759166 0 P 0
L 2.568 1.8094808 2.568 1.8194808 0 P 0
L 2.568 1.8697956 2.568 1.8797956 0 P 0
L 2.568 1.9301104 2.568 1.9401104 0 P 0
L 2.568 1.9904252 2.568 2.0004252 0 P 0
L 2.568 2.05074 2.568 2.06074 0 P 0
L 2.568 2.1110548 2.568 2.1210548 0 P 0
L 2.568 2.1713696 2.568 2.1813696 0 P 0
L 2.568 2.2316844 2.568 2.2416844 0 P 0
L 2.568 2.2919992 2.568 2.3019992 0 P 0
